id,forecastVolum
1,564
2,653
3,519
4,679
5,566
6,380
7,231
8,368
9,2106
10,335
11,455
12,431
13,91
14,319
15,380
16,693
17,575
18,563
19,713
20,428
21,542
22,559
23,-111
24,-92
25,-224
26,-93
27,140
28,-237
29,10
30,-274
31,7004
32,57
33,927
34,-81
35,-244
36,-2
37,764
38,282
39,212
40,785
41,1009
42,-244
43,-137
44,199
45,504
46,679
47,608
48,882
49,606
50,413
51,228
52,378
53,911
54,216
55,210
56,427
57,213
58,336
59,225
60,581
61,572
62,426
63,525
64,511
65,561
66,558
67,168
68,255
69,174
70,227
71,313
72,204
73,-65
74,6
75,2718
76,80
77,436
78,248
79,-36
80,219
81,729
82,560
83,521
84,523
85,316
86,177
87,192
88,188
89,59
90,2816
91,357
92,51
93,1053
94,1323
95,3329
96,1247
97,521
98,2509
99,1175
100,770
101,2924
102,4376
103,659
104,1040
105,1407
106,359
107,597
108,84
109,1324
110,482
111,7
112,184
113,332
114,-61
115,593
116,762
117,1045
118,163
119,4031
120,52
121,1021
122,508
123,1455
124,1936
125,250
126,980
127,1319
128,-28
129,-282
130,323
131,158
132,167
133,1325
134,420
135,387
136,1409
137,373
138,428
139,713
140,312
141,-50
142,30
143,638
144,340
145,242
146,465
147,412
148,415
149,361
150,365
151,185
152,368
153,469
154,348
155,853
156,527
157,492
158,512
159,545
160,737
161,361
162,327
163,-364
164,189
165,950
166,593
167,99
168,367
169,642
170,624
171,606
172,469
173,161
174,457
175,488
176,374
177,1310
178,779
179,740
180,950
181,1201
182,1176
183,1210
184,632
185,738
186,397
187,1340
188,1159
189,640
190,1184
191,969
192,1403
193,1453
194,791
195,385
196,715
197,706
198,506
199,807
200,-7
201,0
202,-200
203,1177
204,1593
205,2676
206,165
207,318
208,-49
209,3477
210,949
211,1133
212,1955
213,1771
214,985
215,1084
216,437
217,-200
218,-16
219,290
220,-226
221,90
222,238
223,234
224,576
225,833
226,579
227,1201
228,499
229,216
230,157
231,491
232,632
233,453
234,1382
235,1560
236,624
237,915
238,645
239,-108
240,346
241,879
242,27
243,139
244,454
245,374
246,243
247,661
248,447
249,1043
250,553
251,-66
252,141
253,67
254,477
255,960
256,873
257,179
258,523
259,710
260,283
261,107
262,333
263,691
264,241
265,460
266,994
267,723
268,487
269,1400
270,1237
271,1358
272,726
273,158
274,456
275,1016
276,936
277,1329
278,1377
279,898
280,1118
281,974
282,682
283,307
284,653
285,844
286,774
287,227
288,964
289,576
290,228
291,1683
292,1427
293,2456
294,442
295,1077
296,397
297,2353
298,826
299,1722
300,3376
301,1649
302,1337
303,1619
304,475
305,486
306,526
307,558
308,460
309,1259
310,971
311,1023
312,1654
313,1111
314,1191
315,1448
316,1154
317,-94
318,368
319,1537
320,853
321,1522
322,1233
323,712
324,834
325,952
326,748
327,443
328,960
329,1024
330,583
331,-256
332,891
333,530
334,222
335,2076
336,51
337,2745
338,643
339,497
340,-219
341,-71
342,32
343,2770
344,1544
345,-135
346,228
347,1084
348,172
349,783
350,-100
351,359
352,1131
353,1641
354,523
355,119
356,606
357,1569
358,1926
359,3116
360,1133
361,293
362,-258
363,3295
364,1125
365,3021
366,3178
367,1156
368,1057
369,1483
370,582
371,-61
372,458
373,747
374,-150
375,543
376,683
377,693
378,326
379,1231
380,1172
381,3487
382,1680
383,-460
384,77
385,1024
386,451
387,3367
388,1961
389,376
390,378
391,792
392,318
393,509
394,453
395,784
396,538
397,592
398,763
399,784
400,1441
401,1039
402,762
403,1392
404,637
405,-1
406,211
407,942
408,575
409,1411
410,1274
411,477
412,770
413,703
414,627
415,742
416,654
417,737
418,1135
419,1344
420,1055
421,809
422,1099
423,1392
424,1291
425,1166
426,614
427,738
428,452
429,1554
430,1139
431,815
432,1103
433,1824
434,1238
435,1330
436,1093
437,534
438,888
439,801
440,775
441,337
442,500
443,453
444,729
445,1835
446,1071
447,1856
448,432
449,59
450,-76
451,2038
452,489
453,2447
454,1805
455,1259
456,754
457,607
458,473
459,513
460,243
461,528
462,672
463,583
464,312
465,262
466,728
467,549
468,534
469,1260
470,83
471,-287
472,-140
473,1587
474,259
475,955
476,710
477,1254
478,396
479,360
480,286
481,20
482,73
483,293
484,278
485,662
486,722
487,735
488,738
489,750
490,1090
491,994
492,712
493,-303
494,363
495,380
496,677
497,772
498,713
499,232
500,807
501,811
502,611
503,495
504,746
505,699
506,698
507,1004
508,675
509,562
510,1105
511,844
512,656
513,461
514,429
515,485
516,273
517,1317
518,604
519,284
520,419
521,1241
522,735
523,671
524,789
525,366
526,672
527,631
528,461
529,696
530,636
531,559
532,767
533,660
534,556
535,252
536,387
537,-121
538,226
539,607
540,537
541,166
542,295
543,588
544,671
545,599
546,612
547,246
548,559
549,545
550,435
551,971
552,722
553,593
554,1197
555,786
556,608
557,391
558,451
559,267
560,272
561,869
562,584
563,238
564,388
565,819
566,758
567,644
568,697
569,380
570,649
571,641
572,491
573,502
574,454
575,415
576,541
577,388
578,383
579,88
580,254
581,-473
582,82
583,236
584,369
585,13
586,132
587,277
588,428
589,408
590,376
591,109
592,392
593,386
594,332
595,800
596,575
597,506
598,919
599,757
600,590
601,388
602,340
603,28
604,133
605,856
606,493
607,274
608,351
609,1149
610,630
611,618
612,521
613,371
614,495
615,551
616,441
617,643
618,500
619,459
620,630
621,570
622,467
623,248
624,280
625,-109
626,95
627,653
628,427
629,129
630,236
631,791
632,597
633,534
634,476
635,136
636,391
637,406
638,319
639,867
640,697
641,602
642,1240
643,901
644,626
645,481
646,403
647,521
648,251
649,922
650,599
651,338
652,464
653,1055
654,822
655,775
656,631
657,441
658,597
659,639
660,504
661,908
662,643
663,465
664,945
665,771
666,636
667,351
668,314
669,439
670,194
671,961
672,515
673,235
674,361
675,1447
676,616
677,670
678,628
679,264
680,592
681,520
682,382
683,141
684,654
685,86
686,137
687,495
688,1065
689,2457
690,292
691,3307
692,2980
693,1121
694,404
695,756
696,4710
697,523
698,564
699,921
700,303
701,85
702,120
703,487
704,367
705,1126
706,601
707,778
708,520
709,889
710,632
711,1178
712,413
713,-523
714,71
715,1266
716,570
717,718
718,655
719,488
720,514
721,687
722,504
723,73
724,430
725,1072
726,383
727,721
728,524
729,438
730,508
731,430
732,395
733,166
734,271
735,-587
736,76
737,208
738,376
739,53
740,189
741,100
742,399
743,451
744,384
745,63
746,402
747,448
748,321
749,644
750,573
751,582
752,981
753,699
754,575
755,585
756,474
757,677
758,402
759,622
760,644
761,356
762,353
763,581
764,879
765,788
766,886
767,413
768,795
769,541
770,500
771,640
772,775
773,902
774,1174
775,1056
776,535
777,622
778,526
779,1199
780,394
781,472
782,633
783,698
784,609
785,539
786,1488
787,906
788,712
789,840
790,842
791,848
792,701
793,443
794,532
795,508
796,459
797,543
798,480
799,204
800,349
801,223
802,215
803,372
804,547
805,129
806,350
807,417
808,578
809,589
810,552
811,279
812,495
813,424
814,399
815,-470
816,-545
817,-456
818,-315
819,-56
820,-402
821,915
822,-171
823,6808
824,431
825,588
826,124
827,372
828,348
829,76
830,143
831,713
832,379
833,1109
834,-361
835,-513
836,-216
837,436
838,563
839,573
840,654
841,477
842,521
843,725
844,457
845,1724
846,192
847,539
848,543
849,470
850,831
851,418
852,1383
853,805
854,730
855,613
856,379
857,543
858,678
859,311
860,464
861,387
862,314
863,427
864,440
865,397
866,232
867,1699
868,98
869,631
870,409
871,201
872,479
873,531
874,994
875,505
876,621
877,216
878,263
879,332
880,369
881,580
882,448
883,444
884,727
885,316
886,387
887,202
888,347
889,173
890,107
891,188
892,391
893,158
894,237
895,211
896,429
897,406
898,408
899,215
900,404
901,379
902,394
903,403
904,563
905,364
906,387
907,525
908,459
909,336
910,302
911,2801
912,270
913,467
914,464
915,243
916,393
917,677
918,892
919,697
920,782
921,302
922,349
923,331
924,381
925,583
926,434
927,493
928,847
929,503
930,513
931,577
932,502
933,1750
934,98
935,712
936,472
937,547
938,467
939,964
940,789
941,747
942,662
943,903
944,453
945,436
946,672
947,669
948,566
949,545
950,918
951,570
952,484
953,203
954,367
955,-265
956,190
957,119
958,488
959,108
960,262
961,82
962,566
963,570
964,507
965,241
966,578
967,560
968,459
969,514
970,543
971,511
972,507
973,544
974,795
975,509
976,389
977,-13
978,152
979,612
980,650
981,361
982,737
983,713
984,629
985,613
986,548
987,174
988,437
989,474
990,402
991,607
992,758
993,704
994,724
995,669
996,784
997,531
998,497
999,-369
1000,290
1001,415
1002,763
1003,419
1004,600
1005,460
1006,826
1007,829
1008,622
1009,395
1010,656
1011,696
1012,596
1013,502
1014,459
1015,398
1016,654
1017,716
1018,911
1019,711
1020,324
1021,158
1022,153
1023,1487
1024,678
1025,414
1026,1300
1027,1151
1028,712
1029,716
1030,595
1031,164
1032,599
1033,530
1034,316
1035,540
1036,686
1037,847
1038,615
1039,1062
1040,823
1041,2062
1042,1261
1043,54
1044,402
1045,474
1046,669
1047,2170
1048,1322
1049,354
1050,619
1051,737
1052,688
1053,720
1054,599
1055,737
1056,753
1057,386
1058,484
1059,399
1060,634
1061,575
1062,786
1063,479
1064,213
1065,-108
1066,16
1067,677
1068,533
1069,440
1070,962
1071,1086
1072,576
1073,524
1074,395
1075,14
1076,347
1077,404
1078,214
1079,588
1080,693
1081,493
1082,524
1083,758
1084,725
1085,542
1086,384
1087,-139
1088,298
1089,822
1090,626
1091,504
1092,693
1093,470
1094,661
1095,647
1096,679
1097,182
1098,635
1099,644
1100,437
1101,723
1102,649
1103,481
1104,611
1105,788
1106,838
1107,335
1108,327
1109,636
1110,315
1111,1019
1112,629
1113,261
1114,590
1115,796
1116,705
1117,694
1118,837
1119,199
1120,720
1121,530
1122,414
1123,776
1124,854
1125,704
1126,911
1127,929
1128,640
1129,605
1130,499
1131,751
1132,386
1133,498
1134,626
1135,511
1136,715
1137,391
1138,762
1139,815
1140,664
1141,452
1142,850
1143,703
1144,719
1145,567
1146,511
1147,454
1148,503
1149,902
1150,1136
1151,963
1152,376
1153,433
1154,231
1155,1306
1156,678
1157,610
1158,1385
1159,608
1160,688
1161,930
1162,613
1163,151
1164,693
1165,785
1166,309
1167,624
1168,717
1169,781
1170,674
1171,656
1172,731
1173,584
1174,536
1175,-390
1176,295
1177,277
1178,673
1179,358
1180,655
1181,192
1182,762
1183,973
1184,570
1185,348
1186,715
1187,843
1188,640
1189,534
1190,869
1191,779
1192,678
1193,1500
1194,767
1195,1163
1196,840
1197,-22
1198,309
1199,582
1200,691
1201,1351
1202,1275
1203,380
1204,703
1205,981
1206,547
1207,281
1208,1205
1209,1003
1210,475
1211,688
1212,1092
1213,929
1214,843
1215,1785
1216,911
1217,828
1218,696
1219,529
1220,370
1221,1200
1222,739
1223,852
1224,1290
1225,947
1226,900
1227,1385
1228,688
1229,292
1230,1740
1231,1066
1232,497
1233,425
1234,1745
1235,508
1236,608
1237,962
1238,550
1239,514
1240,414
1241,11
1242,174
1243,565
1244,483
1245,550
1246,945
1247,369
1248,910
1249,781
1250,512
1251,309
1252,1118
1253,589
1254,404
1255,638
1256,749
1257,664
1258,850
1259,1139
1260,686
1261,611
1262,595
1263,-150
1264,386
1265,522
1266,635
1267,680
1268,877
1269,393
1270,616
1271,838
1272,596
1273,253
1274,1324
1275,894
1276,489
1277,1088
1278,619
1279,599
1280,764
1281,1009
1282,1027
1283,1718
1284,704
1285,37
1286,303
1287,1538
1288,838
1289,1119
1290,1633
1291,606
1292,936
1293,885
1294,516
1295,197
1296,530
1297,718
1298,392
1299,541
1300,584
1301,540
1302,528
1303,571
1304,529
1305,114
1306,336
1307,-153
1308,290
1309,239
1310,482
1311,71
1312,237
1313,253
1314,611
1315,724
1316,482
1317,226
1318,585
1319,625
1320,436
1321,422
1322,570
1323,465
1324,530
1325,324
1326,168
1327,-197
1328,283
1329,1029
1330,304
1331,116
1332,252
1333,-165
1334,-116
1335,88
1336,405
1337,286
1338,443
1339,684
1340,363
1341,394
1342,573
1343,-269
1344,-193
1345,-292
1346,-255
1347,-119
1348,-466
1349,-435
1350,-376
1351,5688
1352,5
1353,566
1354,-277
1355,-519
1356,-455
1357,448
1358,-22
1359,-94
1360,647
1361,965
1362,-317
1363,-292
1364,205
1365,425
1366,661
1367,614
1368,795
1369,428
1370,266
1371,-135
1372,359
1373,251
1374,250
1375,-64
1376,313
1377,21
1378,-34
1379,6
1380,359
1381,347
1382,371
1383,561
1384,507
1385,473
1386,637
1387,63
1388,210
1389,156
1390,115
1391,100
1392,25
1393,-467
1394,-44
1395,2010
1396,84
1397,125
1398,101
1399,-265
1400,-182
1401,466
1402,301
1403,259
1404,434
1405,318
1406,148
1407,79
1408,240
1409,-426
1410,2393
1411,-41
1412,-441
1413,477
1414,779
1415,1896
1416,821
1417,-590
1418,1313
1419,497
1420,250
1421,1997
1422,2306
1423,54
1424,419
1425,784
1426,-100
1427,227
1428,-325
1429,831
1430,155
1431,-579
1432,-340
1433,-167
1434,-655
1435,-96
1436,101
1437,110
1438,-363
1439,2495
1440,-421
1441,138
1442,-112
1443,712
1444,1047
1445,-501
1446,251
1447,584
1448,-590
1449,-754
1450,-187
1451,-436
1452,-260
1453,1290
1454,446
1455,438
1456,1366
1457,240
1458,326
1459,394
1460,337
1461,-666
1462,109
1463,409
1464,270
1465,95
1466,139
1467,241
1468,237
1469,182
1470,354
1471,265
1472,408
1473,426
1474,472
1475,757
1476,493
1477,482
1478,408
1479,351
1480,574
1481,-19
1482,291
1483,-1041
1484,206
1485,659
1486,463
1487,-108
1488,-19
1489,413
1490,385
1491,366
1492,398
1493,181
1494,437
1495,384
1496,437
1497,928
1498,459
1499,445
1500,561
1501,709
1502,706
1503,508
1504,310
1505,-553
1506,129
1507,687
1508,743
1509,133
1510,466
1511,356
1512,879
1513,928
1514,435
1515,119
1516,409
1517,318
1518,283
1519,414
1520,-339
1521,-306
1522,-602
1523,611
1524,1052
1525,1709
1526,-172
1527,-700
1528,-331
1529,2746
1530,515
1531,396
1532,1132
1533,1084
1534,413
1535,483
1536,61
1537,-484
1538,-334
1539,-111
1540,-461
1541,-138
1542,71
1543,91
1544,339
1545,498
1546,278
1547,598
1548,326
1549,-611
1550,39
1551,19
1552,363
1553,68
1554,748
1555,1132
1556,243
1557,532
1558,434
1559,-228
1560,192
1561,642
1562,-43
1563,5
1564,379
1565,328
1566,103
1567,422
1568,239
1569,424
1570,472
1571,-788
1572,115
1573,-268
1574,301
1575,559
1576,420
1577,-86
1578,239
1579,425
1580,167
1581,81
1582,276
1583,551
1584,264
1585,91
1586,685
1587,441
1588,112
1589,911
1590,770
1591,659
1592,415
1593,-829
1594,198
1595,368
1596,530
1597,825
1598,662
1599,299
1600,604
1601,453
1602,336
1603,52
1604,361
1605,470
1606,562
1607,-654
1608,144
1609,-219
1610,-660
1611,628
1612,450
1613,996
1614,-380
1615,-579
1616,-601
1617,1128
1618,-90
1619,512
1620,1448
1621,463
1622,276
1623,529
1624,-382
1625,-280
1626,-280
1627,-331
1628,-263
1629,902
1630,674
1631,752
1632,1289
1633,655
1634,767
1635,661
1636,856
1637,-1032
1638,123
1639,985
1640,461
1641,952
1642,584
1643,225
1644,333
1645,450
1646,415
1647,201
1648,677
1649,658
1650,384
1651,-517
1652,689
1653,357
1654,-44
1655,1727
1656,-267
1657,1755
1658,438
1659,-343
1660,-361
1661,-553
1662,-267
1663,1997
1664,720
1665,-520
1666,-166
1667,687
1668,-61
1669,636
1670,-284
1671,93
1672,1027
1673,979
1674,-78
1675,-457
1676,-64
1677,474
1678,784
1679,1266
1680,141
1681,-1072
1682,-821
1683,1921
1684,302
1685,1396
1686,1501
1687,102
1688,43
1689,369
1690,-67
1691,-612
1692,-128
1693,75
1694,-654
1695,237
1696,452
1697,472
1698,20
1699,714
1700,607
1701,2214
1702,1206
1703,-1342
1704,-109
1705,261
1706,113
1707,2308
1708,847
1709,-104
1710,-76
1711,249
1712,42
1713,322
1714,220
1715,468
1716,392
1717,320
1718,553
1719,598
1720,1161
1721,669
1722,423
1723,836
1724,425
1725,-854
1726,52
1727,476
1728,269
1729,1027
1730,711
1731,69
1732,355
1733,286
1734,379
1735,586
1736,457
1737,457
1738,1022
1739,968
1740,742
1741,519
1742,715
1743,870
1744,791
1745,434
1746,298
1747,-499
1748,190
1749,872
1750,729
1751,278
1752,355
1753,1181
1754,712
1755,775
1756,742
1757,275
1758,588
1759,418
1760,558
1761,12
1762,233
1763,214
1764,397
1765,1385
1766,647
1767,880
1768,160
1769,-863
1770,-293
1771,1428
1772,121
1773,1696
1774,994
1775,705
1776,275
1777,124
1778,163
1779,295
1780,-5
1781,195
1782,503
1783,607
1784,397
1785,373
1786,746
1787,476
1788,491
1789,1000
1790,167
1791,-848
1792,-2
1793,1392
1794,248
1795,867
1796,443
1797,1111
1798,277
1799,240
1800,334
1801,160
1802,174
1803,311
1804,461
1805,517
1806,640
1807,677
1808,586
1809,508
1810,879
1811,565
1812,628
1813,-1028
1814,332
1815,41
1816,498
1817,516
1818,277
1819,-41
1820,519
1821,522
1822,491
1823,466
1824,677
1825,546
1826,712
1827,876
1828,608
1829,519
1830,969
1831,617
1832,460
1833,48
1834,360
1835,-223
1836,257
1837,993
1838,441
1839,43
1840,0
1841,973
1842,463
1843,397
1844,684
1845,353
1846,619
1847,494
1848,491
1849,646
1850,648
1851,595
1852,710
1853,512
1854,439
1855,-81
1856,397
1857,-751
1858,289
1859,363
1860,453
1861,4
1862,-45
1863,404
1864,478
1865,405
1866,587
1867,312
1868,584
1869,487
1870,544
1871,868
1872,681
1873,576
1874,1087
1875,585
1876,438
1877,3
1878,408
1879,-416
1880,282
1881,572
1882,447
1883,23
1884,-6
1885,580
1886,512
1887,396
1888,619
1889,392
1890,621
1891,530
1892,547
1893,584
1894,597
1895,583
1896,615
1897,372
1898,397
1899,-113
1900,395
1901,-972
1902,277
1903,123
1904,417
1905,-17
1906,-77
1907,224
1908,367
1909,346
1910,482
1911,306
1912,549
1913,460
1914,573
1915,700
1916,537
1917,493
1918,812
1919,559
1920,423
1921,4
1922,301
1923,-651
1924,147
1925,562
1926,359
1927,62
1928,-39
1929,914
1930,388
1931,374
1932,446
1933,387
1934,471
1935,443
1936,501
1937,638
1938,557
1939,540
1940,618
1941,467
1942,396
1943,-40
1944,336
1945,-694
1946,204
1947,454
1948,388
1949,12
1950,-59
1951,649
1952,450
1953,385
1954,496
1955,248
1956,461
1957,393
1958,473
1959,695
1960,586
1961,516
1962,1060
1963,630
1964,386
1965,24
1966,290
1967,-233
1968,192
1969,555
1970,392
1971,54
1972,0
1973,737
1974,506
1975,458
1976,482
1977,384
1978,500
1979,458
1980,490
1981,796
1982,592
1983,439
1984,825
1985,561
1986,457
1987,-44
1988,262
1989,-252
1990,196
1991,654
1992,368
1993,11
1994,-41
1995,1195
1996,361
1997,414
1998,540
1999,268
2000,555
2001,400
2002,428
2003,-339
2004,232
2005,-308
2006,-351
2007,-155
2008,440
2009,785
2010,-134
2011,940
2012,1383
2013,308
2014,-118
2015,56
2016,2293
2017,-247
2018,-91
2019,236
2020,-162
2021,-287
2022,-285
2023,0
2024,44
2025,921
2026,457
2027,659
2028,308
2029,587
2030,361
2031,493
2032,268
2033,-1309
2034,-19
2035,866
2036,330
2037,250
2038,135
2039,161
2040,167
2041,338
2042,323
2043,-16
2044,300
2045,859
2046,336
2047,749
2048,614
2049,553
2050,529
2051,360
2052,357
2053,-89
2054,359
2055,-1139
2056,218
2057,43
2058,370
2059,-29
2060,-73
2061,-4
2062,284
2063,335
2064,437
2065,208
2066,506
2067,468
2068,509
2069,517
2070,504
2071,543
2072,848
2073,467
2074,374
2075,166
2076,400
2077,-37
2078,383
2079,293
2080,475
2081,110
2082,-71
2083,306
2084,602
2085,510
2086,776
2087,395
2088,745
2089,408
2090,530
2091,377
2092,574
2093,725
2094,904
2095,696
2096,205
2097,75
2098,323
2099,236
2100,245
2101,14
2102,336
2103,323
2104,55
2105,129
2106,1083
2107,499
2108,474
2109,693
2110,654
2111,577
2112,597
2113,416
2114,567
2115,567
2116,424
2117,418
2118,385
2119,-106
2120,381
2121,-445
2122,301
2123,150
2124,485
2125,-10
2126,32
2127,243
2128,408
2129,417
2130,549
2131,368
2132,543
2133,389
2134,530
2135,-857
2136,-878
2137,-753
2138,-705
2139,-556
2140,-872
2141,221
2142,-509
2143,4978
2144,120
2145,-17
2146,-307
2147,-141
2148,-373
2149,-483
2150,-397
2151,170
2152,8
2153,836
2154,-664
2155,-897
2156,-440
2157,135
2158,320
2159,359
2160,346
2161,70
2162,145
2163,132
2164,209
2165,682
2166,-1
2167,35
2168,199
2169,48
2170,232
2171,-37
2172,930
2173,352
2174,445
2175,420
2176,154
2177,236
2178,533
2179,239
2180,451
2181,403
2182,237
2183,252
2184,296
2185,36
2186,215
2187,737
2188,135
2189,359
2190,297
2191,12
2192,110
2193,304
2194,774
2195,284
2196,569
2197,254
2198,268
2199,255
2200,454
2201,578
2202,508
2203,529
2204,718
2205,217
2206,318
2207,-83
2208,405
2209,-409
2210,218
2211,-7
2212,354
2213,44
2214,-55
2215,69
2216,284
2217,260
2218,431
2219,329
2220,477
2221,369
2222,551
2223,170
2224,391
2225,217
2226,146
2227,187
2228,156
2229,-193
2230,127
2231,1435
2232,101
2233,9
2234,193
2235,-113
2236,-133
2237,264
2238,508
2239,311
2240,569
2241,180
2242,192
2243,90
2244,307
2245,304
2246,214
2247,301
2248,561
2249,116
2250,160
2251,2
2252,276
2253,564
2254,-72
2255,226
2256,151
2257,145
2258,-109
2259,518
2260,355
2261,312
2262,398
2263,730
2264,249
2265,149
2266,550
2267,676
2268,635
2269,639
2270,917
2271,479
2272,424
2273,-73
2274,434
2275,-838
2276,311
2277,-68
2278,461
2279,3
2280,-21
2281,-43
2282,430
2283,433
2284,539
2285,364
2286,660
2287,559
2288,625
2289,366
2290,454
2291,450
2292,353
2293,288
2294,562
2295,26
2296,298
2297,-909
2298,115
2299,197
2300,465
2301,90
2302,255
2303,342
2304,335
2305,318
2306,422
2307,139
2308,365
2309,320
2310,410
2311,417
2312,630
2313,600
2314,526
2315,381
2316,527
2317,45
2318,367
2319,-1140
2320,213
2321,30
2322,538
2323,117
2324,118
2325,143
2326,493
2327,495
2328,456
2329,320
2330,541
2331,497
2332,564
2333,148
2334,165
2335,132
2336,295
2337,263
2338,488
2339,-37
2340,28
2341,-788
2342,-89
2343,896
2344,288
2345,-115
2346,642
2347,609
2348,213
2349,216
2350,264
2351,-75
2352,323
2353,171
2354,119
2355,235
2356,439
2357,630
2358,304
2359,583
2360,297
2361,819
2362,823
2363,-853
2364,206
2365,-262
2366,321
2367,1144
2368,255
2369,-113
2370,176
2371,231
2372,405
2373,524
2374,370
2375,426
2376,604
2377,150
2378,307
2379,250
2380,391
2381,235
2382,473
2383,-66
2384,31
2385,-992
2386,-111
2387,182
2388,256
2389,86
2390,401
2391,636
2392,191
2393,137
2394,177
2395,-111
2396,188
2397,162
2398,134
2399,488
2400,655
2401,480
2402,417
2403,561
2404,559
2405,158
2406,344
2407,-819
2408,312
2409,528
2410,492
2411,292
2412,302
2413,235
2414,419
2415,403
2416,604
2417,198
2418,611
2419,537
2420,496
2421,528
2422,512
2423,374
2424,409
2425,491
2426,572
2427,-147
2428,189
2429,-250
2430,230
2431,626
2432,396
2433,-48
2434,100
2435,450
2436,364
2437,351
2438,663
2439,116
2440,601
2441,329
2442,376
2443,593
2444,732
2445,607
2446,720
2447,647
2448,389
2449,137
2450,375
2451,-230
2452,316
2453,116
2454,408
2455,215
2456,240
2457,49
2458,435
2459,487
2460,505
2461,384
2462,741
2463,513
2464,693
2465,255
2466,257
2467,230
2468,185
2469,433
2470,689
2471,279
2472,118
2473,-721
2474,27
2475,677
2476,325
2477,126
2478,672
2479,21
2480,215
2481,428
2482,319
2483,-51
2484,457
2485,467
2486,153
2487,469
2488,623
2489,712
2490,511
2491,403
2492,509
2493,144
2494,441
2495,-1126
2496,253
2497,-72
2498,484
2499,91
2500,209
2501,-93
2502,464
2503,674
2504,440
2505,308
2506,635
2507,679
2508,643
2509,236
2510,630
2511,569
2512,374
2513,1106
2514,404
2515,118
2516,597
2517,-903
2518,123
2519,38
2520,354
2521,524
2522,394
2523,-42
2524,264
2525,540
2526,269
2527,94
2528,984
2529,700
2530,333
2531,194
2532,657
2533,523
2534,342
2535,1183
2536,343
2537,-32
2538,256
2539,-570
2540,-14
2541,471
2542,203
2543,209
2544,498
2545,265
2546,252
2547,735
2548,209
2549,-93
2550,1323
2551,565
2552,160
2553,408
2554,1790
2555,578
2556,584
2557,848
2558,466
2559,213
2560,458
2561,-585
2562,271
2563,355
2564,432
2565,422
2566,637
2567,216
2568,750
2569,621
2570,520
2571,408
2572,1177
2573,565
2574,546
2575,481
2576,655
2577,594
2578,686
2579,885
2580,462
2581,170
2582,498
2583,-887
2584,343
2585,171
2586,444
2587,411
2588,429
2589,104
2590,317
2591,537
2592,464
2593,213
2594,1242
2595,729
2596,491
2597,713
2598,304
2599,309
2600,380
2601,537
2602,521
2603,504
2604,295
2605,-944
2606,41
2607,811
2608,427
2609,122
2610,580
2611,19
2612,419
2613,366
2614,165
2615,-62
2616,230
2617,334
2618,174
2619,516
2620,621
2621,601
2622,496
2623,448
2624,437
2625,-194
2626,371
2627,-758
2628,379
2629,19
2630,423
2631,-65
2632,-78
2633,94
2634,443
2635,555
2636,481
2637,317
2638,636
2639,593
2640,570
2641,670
2642,675
2643,600
2644,808
2645,515
2646,283
2647,106
2648,448
2649,1892
2650,466
2651,462
2652,400
2653,70
2654,91
2655,436
2656,612
2657,512
2658,665
2659,909
2660,459
2661,532
2662,778
2663,355
2664,287
2665,220
2666,400
2667,447
2668,23
2669,269
2670,164
2671,6981
2672,542
2673,1296
2674,246
2675,135
2676,136
2677,1172
2678,560
2679,506
2680,1245
2681,1565
2682,151
2683,217
2684,783
2685,631
2686,723
2687,709
2688,1033
2689,576
2690,337
2691,123
2692,480
2693,1062
2694,367
2695,237
2696,417
2697,213
2698,130
2699,302
2700,522
2701,529
2702,550
2703,742
2704,563
2705,572
2706,799
2707,394
2708,400
2709,374
2710,476
2711,383
2712,228
2713,-69
2714,207
2715,2963
2716,332
2717,565
2718,339
2719,64
2720,112
2721,906
2722,602
2723,579
2724,746
2725,633
2726,328
2727,300
2728,528
2729,-268
2730,2406
2731,4
2732,-252
2733,568
2734,793
2735,2107
2736,894
2737,171
2738,1379
2739,749
2740,307
2741,2140
2742,2421
2743,288
2744,526
2745,910
2746,28
2747,360
2748,-318
2749,880
2750,268
2751,-134
2752,-39
2753,166
2754,-178
2755,292
2756,411
2757,630
2758,-3
2759,3592
2760,-64
2761,694
2762,231
2763,1183
2764,1462
2765,44
2766,657
2767,1010
2768,-171
2769,-333
2770,107
2771,-98
2772,139
2773,1535
2774,547
2775,572
2776,1643
2777,426
2778,436
2779,692
2780,497
2781,183
2782,265
2783,749
2784,414
2785,325
2786,342
2787,573
2788,439
2789,402
2790,571
2791,485
2792,503
2793,563
2794,672
2795,889
2796,481
2797,503
2798,572
2799,425
2800,571
2801,166
2802,338
2803,-304
2804,250
2805,888
2806,494
2807,9
2808,70
2809,630
2810,475
2811,474
2812,503
2813,288
2814,419
2815,409
2816,524
2817,1245
2818,632
2819,651
2820,910
2821,966
2822,887
2823,878
2824,542
2825,368
2826,358
2827,1100
2828,959
2829,435
2830,741
2831,772
2832,1153
2833,1220
2834,724
2835,411
2836,576
2837,526
2838,555
2839,916
2840,21
2841,83
2842,-69
2843,1065
2844,1427
2845,2320
2846,251
2847,425
2848,87
2849,3360
2850,924
2851,955
2852,1667
2853,1696
2854,885
2855,973
2856,546
2857,1
2858,16
2859,280
2860,-2
2861,15
2862,83
2863,132
2864,523
2865,604
2866,304
2867,821
2868,401
2869,162
2870,109
2871,284
2872,424
2873,222
2874,866
2875,1395
2876,366
2877,674
2878,569
2879,-90
2880,195
2881,685
2882,67
2883,149
2884,381
2885,359
2886,278
2887,515
2888,255
2889,629
2890,538
2891,-31
2892,176
2893,-20
2894,351
2895,696
2896,529
2897,142
2898,347
2899,552
2900,290
2901,208
2902,269
2903,585
2904,365
2905,299
2906,750
2907,536
2908,350
2909,1061
2910,845
2911,922
2912,539
2913,-15
2914,320
2915,673
2916,638
2917,1020
2918,830
2919,597
2920,771
2921,638
2922,517
2923,236
2924,417
2925,567
2926,726
2927,-379
2928,277
2929,-57
2930,-355
2931,855
2932,597
2933,1345
2934,-183
2935,321
2936,-410
2937,1520
2938,90
2939,794
2940,1687
2941,858
2942,520
2943,792
2944,-125
2945,-21
2946,-157
2947,-166
2948,-31
2949,1158
2950,787
2951,897
2952,1578
2953,853
2954,888
2955,972
2956,1028
2957,-171
2958,292
2959,1338
2960,616
2961,1195
2962,799
2963,562
2964,547
2965,683
2966,644
2967,433
2968,784
2969,807
2970,596
2971,48
2972,1114
2973,810
2974,551
2975,2224
2976,153
2977,2379
2978,922
2979,831
2980,110
2981,106
2982,201
2983,2553
2984,1247
2985,126
2986,347
2987,1220
2988,474
2989,1179
2990,130
2991,548
2992,1550
2993,1700
2994,501
2995,151
2996,687
2997,1152
2998,1386
2999,2058
3000,784
3001,270
3002,-171
3003,2752
3004,929
3005,2123
3006,2202
3007,939
3008,736
3009,1080
3010,643
3011,93
3012,440
3013,686
3014,23
3015,690
3016,750
3017,813
3018,496
3019,1103
3020,921
3021,2718
3022,1577
3023,-292
3024,254
3025,799
3026,467
3027,2748
3028,1261
3029,453
3030,327
3031,671
3032,466
3033,752
3034,523
3035,813
3036,800
3037,633
3038,721
3039,799
3040,1506
3041,923
3042,600
3043,1202
3044,653
3045,63
3046,277
3047,885
3048,480
3049,1326
3050,981
3051,468
3052,625
3053,575
3054,664
3055,873
3056,620
3057,662
3058,1290
3059,1261
3060,890
3061,701
3062,1040
3063,1103
3064,948
3065,780
3066,506
3067,403
3068,395
3069,1261
3070,920
3071,556
3072,605
3073,1573
3074,962
3075,1044
3076,1007
3077,542
3078,731
3079,603
3080,806
3081,523
3082,603
3083,613
3084,938
3085,1848
3086,1030
3087,1456
3088,593
3089,264
3090,134
3091,2047
3092,539
3093,2204
3094,1478
3095,1310
3096,755
3097,623
3098,656
3099,790
3100,354
3101,597
3102,972
3103,1027
3104,673
3105,680
3106,1196
3107,837
3108,776
3109,1473
3110,502
3111,176
3112,328
3113,1908
3114,567
3115,1272
3116,821
3117,1617
3118,654
3119,635
3120,727
3121,554
3122,442
3123,621
3124,836
3125,582
3126,561
3127,631
3128,683
3129,514
3130,809
3131,684
3132,608
3133,-358
3134,309
3135,203
3136,462
3137,567
3138,301
3139,104
3140,542
3141,563
3142,529
3143,507
3144,593
3145,504
3146,733
3147,1130
3148,718
3149,662
3150,1255
3151,813
3152,579
3153,356
3154,530
3155,635
3156,424
3157,1344
3158,594
3159,283
3160,211
3161,1317
3162,675
3163,628
3164,911
3165,582
3166,724
3167,641
3168,700
3169,830
3170,687
3171,667
3172,925
3173,637
3174,487
3175,155
3176,496
3177,36
3178,385
3179,642
3180,535
3181,174
3182,95
3183,673
3184,619
3185,564
3186,743
3187,471
3188,618
3189,563
3190,683
3191,1058
3192,726
3193,655
3194,1308
3195,716
3196,492
3197,247
3198,513
3199,378
3200,384
3201,857
3202,535
3203,199
3204,141
3205,857
3206,659
3207,562
3208,781
3209,557
3210,662
3211,612
3212,692
3213,696
3214,565
3215,583
3216,759
3217,425
3218,374
3219,51
3220,422
3221,-255
3222,301
3223,331
3224,427
3225,80
3226,-7
3227,421
3228,436
3229,433
3230,566
3231,393
3232,511
3233,464
3234,640
3235,924
3236,616
3237,605
3238,1067
3239,724
3240,511
3241,281
3242,439
3243,176
3244,282
3245,882
3246,481
3247,271
3248,142
3249,1224
3250,568
3251,573
3252,642
3253,585
3254,544
3255,559
3256,679
3257,829
3258,604
3259,620
3260,841
3261,599
3262,451
3263,203
3264,442
3265,101
3266,307
3267,740
3268,477
3269,189
3270,89
3271,929
3272,598
3273,552
3274,660
3275,413
3276,502
3277,477
3278,619
3279,925
3280,673
3281,635
3282,1323
3283,802
3284,482
3285,309
3286,436
3287,602
3288,335
3289,881
3290,521
3291,270
3292,189
3293,1064
3294,694
3295,665
3296,686
3297,590
3298,581
3299,581
3300,675
3301,1124
3302,776
3303,656
3304,1185
3305,831
3306,650
3307,337
3308,505
3309,680
3310,436
3311,1078
3312,595
3313,325
3314,244
3315,1615
3316,646
3317,718
3318,841
3319,571
3320,734
3321,620
3322,712
3323,-259
3324,170
3325,-341
3326,-241
3327,-123
3328,392
3329,931
3330,-132
3331,1647
3332,1380
3333,496
3334,-132
3335,134
3336,2338
3337,-58
3338,-42
3339,304
3340,-100
3341,-224
3342,-356
3343,-31
3344,81
3345,1142
3346,534
3347,768
3348,560
3349,748
3350,445
3351,768
3352,404
3353,-483
3354,112
3355,1183
3356,449
3357,456
3358,313
3359,460
3360,344
3361,534
3362,516
3363,179
3364,371
3365,972
3366,512
3367,872
3368,592
3369,564
3370,683
3371,424
3372,344
3373,86
3374,397
3375,-412
3376,252
3377,261
3378,391
3379,78
3380,7
3381,202
3382,364
3383,433
3384,532
3385,305
3386,478
3387,483
3388,586
3389,703
3390,549
3391,616
3392,1064
3393,601
3394,431
3395,413
3396,507
3397,760
3398,485
3399,582
3400,566
3401,289
3402,79
3403,591
3404,751
3405,678
3406,941
3407,562
3408,779
3409,484
3410,673
3411,641
3412,693
3413,878
3414,1199
3415,901
3416,333
3417,393
3418,502
3419,1105
3420,421
3421,374
3422,498
3423,573
3424,277
3425,491
3426,1304
3427,739
3428,710
3429,932
3430,768
3431,734
3432,816
3433,521
3434,528
3435,561
3436,561
3437,465
3438,356
3439,52
3440,402
3441,265
3442,318
3443,352
3444,489
3445,81
3446,96
3447,446
3448,471
3449,499
3450,627
3451,449
3452,499
3453,386
3454,591
3455,-387
3456,-549
3457,-399
3458,-208
3459,-141
3460,-534
3461,792
3462,-120
3463,6146
3464,505
3465,552
3466,64
3467,380
3468,71
3469,89
3470,33
3471,619
3472,454
3473,1283
3474,-353
3475,-546
3476,-20
3477,443
3478,487
3479,555
3480,685
3481,327
3482,325
3483,501
3484,438
3485,1602
3486,223
3487,447
3488,414
3489,350
3490,505
3491,375
3492,1204
3493,643
3494,733
3495,710
3496,311
3497,433
3498,798
3499,524
3500,594
3501,574
3502,551
3503,483
3504,451
3505,379
3506,420
3507,1645
3508,336
3509,745
3510,486
3511,287
3512,358
3513,692
3514,1021
3515,549
3516,831
3517,519
3518,401
3519,429
3520,695
3521,716
3522,501
3523,555
3524,887
3525,295
3526,320
3527,107
3528,457
3529,332
3530,267
3531,225
3532,390
3533,167
3534,40
3535,298
3536,378
3537,373
3538,541
3539,441
3540,465
3541,398
3542,644
3543,448
3544,528
3545,383
3546,454
3547,417
3548,306
3549,154
3550,326
3551,2352
3552,296
3553,399
3554,378
3555,166
3556,109
3557,651
3558,755
3559,577
3560,828
3561,442
3562,318
3563,257
3564,542
3565,524
3566,293
3567,409
3568,812
3569,288
3570,252
3571,288
3572,419
3573,1413
3574,65
3575,554
3576,278
3577,363
3578,76
3579,848
3580,545
3581,520
3582,600
3583,935
3584,319
3585,260
3586,728
3587,801
3588,616
3589,653
3590,1074
3591,546
3592,414
3593,105
3594,474
3595,-108
3596,348
3597,153
3598,485
3599,114
3600,61
3601,166
3602,513
3603,534
3604,637
3605,464
3606,636
3607,577
3608,705
3609,473
3610,419
3611,445
3612,490
3613,339
3614,536
3615,189
3616,323
3617,-195
3618,136
3619,402
3620,473
3621,185
3622,322
3623,545
3624,402
3625,403
3626,504
3627,223
3628,321
3629,317
3630,474
3631,489
3632,557
3633,561
3634,630
3635,395
3636,463
3637,171
3638,354
3639,-462
3640,197
3641,198
3642,509
3643,175
3644,148
3645,293
3646,522
3647,543
3648,501
3649,368
3650,464
3651,462
3652,591
3653,275
3654,150
3655,146
3656,452
3657,333
3658,482
3659,144
3660,73
3661,-54
3662,-48
3663,1121
3664,316
3665,-1
3666,729
3667,827
3668,300
3669,320
3670,365
3671,28
3672,298
3673,188
3674,203
3675,309
3676,372
3677,591
3678,408
3679,594
3680,232
3681,954
3682,820
3683,-167
3684,196
3685,-89
3686,302
3687,1211
3688,295
3689,45
3690,203
3691,277
3692,454
3693,580
3694,293
3695,390
3696,636
3697,290
3698,305
3699,277
3700,561
3701,322
3702,484
3703,133
3704,92
3705,-241
3706,-55
3707,424
3708,301
3709,217
3710,505
3711,875
3712,294
3713,259
3714,296
3715,8
3716,176
3717,192
3718,231
3719,677
3720,700
3721,557
3722,637
3723,691
3724,612
3725,400
3726,448
3727,-26
3728,412
3729,813
3730,579
3731,467
3732,449
3733,510
3734,565
3735,567
3736,765
3737,362
3738,650
3739,618
3740,640
3741,730
3742,573
3743,463
3744,642
3745,638
3746,642
3747,111
3748,309
3749,559
3750,347
3751,928
3752,500
3753,142
3754,264
3755,754
3756,526
3757,532
3758,841
3759,296
3760,652
3761,421
3762,535
3763,803
3764,798
3765,706
3766,961
3767,799
3768,464
3769,401
3770,500
3771,586
3772,438
3773,423
3774,517
3775,411
3776,409
3777,358
3778,603
3779,673
3780,687
3781,570
3782,802
3783,614
3784,859
3785,303
3786,164
3787,165
3788,263
3789,428
3790,608
3791,386
3792,87
3793,-62
3794,-8
3795,827
3796,278
3797,165
3798,684
3799,172
3800,226
3801,458
3802,345
3803,-22
3804,354
3805,404
3806,158
3807,543
3808,553
3809,675
3810,617
3811,419
3812,448
3813,272
3814,430
3815,-447
3816,239
3817,97
3818,457
3819,151
3820,241
3821,62
3822,496
3823,724
3824,486
3825,358
3826,560
3827,646
3828,672
3829,372
3830,625
3831,593
3832,541
3833,1182
3834,402
3835,313
3836,653
3837,-158
3838,173
3839,275
3840,393
3841,650
3842,493
3843,175
3844,356
3845,650
3846,382
3847,210
3848,968
3849,726
3850,427
3851,309
3852,630
3853,524
3854,487
3855,1250
3856,330
3857,146
3858,292
3859,160
3860,16
3861,693
3862,224
3863,320
3864,578
3865,483
3866,336
3867,837
3868,306
3869,4
3870,1286
3871,570
3872,232
3873,522
3874,1759
3875,580
3876,729
3877,902
3878,444
3879,380
3880,486
3881,133
3882,296
3883,564
3884,444
3885,521
3886,709
3887,417
3888,821
3889,710
3890,606
3891,497
3892,1140
3893,571
3894,615
3895,574
3896,603
3897,576
3898,811
3899,919
3900,420
3901,317
3902,507
3903,-189
3904,348
3905,360
3906,436
3907,490
3908,480
3909,280
3910,367
3911,606
3912,530
3913,281
3914,1186
3915,715
3916,539
3917,834
3918,281
3919,319
3920,533
3921,597
3922,504
3923,678
3924,331
3925,-218
3926,73
3927,1028
3928,447
3929,229
3930,660
3931,218
3932,496
3933,461
3934,258
3935,33
3936,201
3937,347
3938,251
3939,646
3940,606
3941,620
3942,658
3943,519
3944,432
3945,-11
3946,416
3947,-23
3948,420
3949,245
3950,452
3951,49
3952,9
3953,309
3954,530
3955,661
3956,584
3957,422
3958,616
3959,615
3960,655
3961,533
3962,523
3963,474
3964,646
3965,368
3966,167
3967,96
3968,334
3969,1619
3970,281
3971,247
3972,300
3973,22
3974,45
3975,290
3976,477
3977,388
3978,513
3979,805
3980,340
3981,445
3982,621
3983,110
3984,27
3985,-12
3986,130
3987,192
3988,-201
3989,162
3990,-58
3991,6611
3992,248
3993,969
3994,38
3995,-8
3996,-14
3997,918
3998,316
3999,274
4000,983
4001,1353
4002,-74
4003,23
4004,519
4005,514
4006,591
4007,603
4008,890
4009,449
4010,240
4011,133
4012,385
4013,814
4014,202
4015,43
4016,337
4017,185
4018,104
4019,176
4020,406
4021,426
4022,417
4023,658
4024,463
4025,505
4026,661
4027,306
4028,296
4029,296
4030,362
4031,284
4032,161
4033,-32
4034,141
4035,2739
4036,195
4037,398
4038,287
4039,64
4040,115
4041,808
4042,514
4043,503
4044,641
4045,577
4046,256
4047,262
4048,419
4049,-672
4050,1986
4051,-389
4052,-682
4053,154
4054,409
4055,1829
4056,512
4057,-364
4058,926
4059,267
4060,-60
4061,1824
4062,2108
4063,-119
4064,123
4065,519
4066,-391
4067,-11
4068,-705
4069,526
4070,-157
4071,-209
4072,-130
4073,100
4074,-280
4075,203
4076,355
4077,692
4078,-56
4079,3392
4080,-188
4081,536
4082,191
4083,1208
4084,1476
4085,-43
4086,578
4087,942
4088,-265
4089,-377
4090,48
4091,-124
4092,42
4093,1453
4094,449
4095,500
4096,1534
4097,334
4098,374
4099,736
4100,437
4101,-29
4102,135
4103,589
4104,368
4105,332
4106,350
4107,481
4108,358
4109,333
4110,473
4111,435
4112,438
4113,531
4114,568
4115,822
4116,398
4117,446
4118,479
4119,347
4120,524
4121,225
4122,293
4123,-502
4124,134
4125,743
4126,463
4127,31
4128,94
4129,552
4130,408
4131,420
4132,419
4133,253
4134,369
4135,391
4136,435
4137,1152
4138,523
4139,568
4140,790
4141,863
4142,814
4143,911
4144,471
4145,143
4146,216
4147,929
4148,902
4149,430
4150,738
4151,669
4152,1061
4153,1140
4154,614
4155,350
4156,500
4157,482
4158,440
4159,1071
4160,160
4161,247
4162,58
4163,1209
4164,1602
4165,2617
4166,428
4167,449
4168,193
4169,3450
4170,1115
4171,1214
4172,1929
4173,1841
4174,1040
4175,1141
4176,684
4177,188
4178,187
4179,485
4180,130
4181,-33
4182,19
4183,94
4184,448
4185,545
4186,275
4187,898
4188,375
4189,-17
4190,12
4191,157
4192,411
4193,262
4194,908
4195,1337
4196,318
4197,638
4198,504
4199,-106
4200,163
4201,686
4202,-2
4203,40
4204,257
4205,260
4206,142
4207,395
4208,166
4209,646
4210,451
4211,-272
4212,18
4213,-208
4214,278
4215,675
4216,510
4217,29
4218,239
4219,455
4220,165
4221,131
4222,176
4223,526
4224,235
4225,143
4226,579
4227,391
4228,168
4229,896
4230,710
4231,893
4232,406
4233,-301
4234,116
4235,440
4236,519
4237,953
4238,765
4239,432
4240,617
4241,496
4242,346
4243,113
4244,278
4245,461
4246,550
4247,-227
4248,412
4249,107
4250,-228
4251,995
4252,768
4253,1622
4254,-10
4255,340
4256,-308
4257,1593
4258,277
4259,1033
4260,1934
4261,998
4262,672
4263,956
4264,8
4265,161
4266,13
4267,37
4268,97
4269,984
4270,597
4271,734
4272,1377
4273,669
4274,734
4275,923
4276,876
4277,-476
4278,69
4279,1086
4280,478
4281,1109
4282,716
4283,381
4284,374
4285,522
4286,453
4287,291
4288,627
4289,683
4290,401
4291,-203
4292,846
4293,568
4294,273
4295,1962
4296,-78
4297,2253
4298,693
4299,448
4300,-189
4301,-223
4302,-14
4303,2390
4304,1086
4305,-129
4306,96
4307,980
4308,205
4309,959
4310,-104
4311,346
4312,1277
4313,1619
4314,405
4315,80
4316,580
4317,1061
4318,1325
4319,2106
4320,725
4321,60
4322,-300
4323,2593
4324,885
4325,2147
4326,2228
4327,854
4328,656
4329,1012
4330,545
4331,45
4332,377
4333,656
4334,-78
4335,514
4336,559
4337,648
4338,294
4339,923
4340,771
4341,2669
4342,1424
4343,-597
4344,32
4345,545
4346,328
4347,2660
4348,1176
4349,273
4350,159
4351,514
4352,274
4353,609
4354,365
4355,687
4356,603
4357,503
4358,575
4359,679
4360,1349
4361,783
4362,490
4363,1198
4364,544
4365,-198
4366,98
4367,677
4368,386
4369,1284
4370,942
4371,328
4372,496
4373,457
4374,517
4375,775
4376,507
4377,582
4378,1138
4379,1112
4380,725
4381,562
4382,865
4383,944
4384,820
4385,757
4386,379
4387,117
4388,197
4389,1034
4390,807
4391,496
4392,547
4393,1414
4394,814
4395,907
4396,841
4397,426
4398,599
4399,504
4400,635
4401,432
4402,496
4403,532
4404,820
4405,1747
4406,959
4407,1491
4408,524
4409,41
4410,-5
4411,1877
4412,484
4413,2213
4414,1493
4415,1214
4416,664
4417,544
4418,548
4419,730
4420,279
4421,555
4422,859
4423,826
4424,456
4425,489
4426,968
4427,625
4428,595
4429,1398
4430,323
4431,-156
4432,78
4433,1629
4434,402
4435,1160
4436,711
4437,1407
4438,454
4439,447
4440,509
4441,386
4442,258
4443,469
4444,613
4445,470
4446,432
4447,528
4448,544
4449,391
4450,716
4451,697
4452,517
4453,-602
4454,147
4455,12
4456,385
4457,543
4458,279
4459,-16
4460,430
4461,463
4462,399
4463,426
4464,497
4465,441
4466,598
4467,969
4468,541
4469,511
4470,1067
4471,641
4472,438
4473,320
4474,390
4475,342
4476,214
4477,1105
4478,469
4479,210
4480,141
4481,1146
4482,514
4483,479
4484,733
4485,453
4486,579
4487,529
4488,518
4489,697
4490,538
4491,545
4492,766
4493,494
4494,374
4495,148
4496,385
4497,-227
4498,203
4499,432
4500,439
4501,129
4502,53
4503,530
4504,487
4505,444
4506,594
4507,370
4508,502
4509,480
4510,529
4511,923
4512,576
4513,530
4514,1147
4515,571
4516,378
4517,238
4518,400
4519,112
4520,200
4521,645
4522,437
4523,152
4524,97
4525,712
4526,525
4527,440
4528,629
4529,454
4530,544
4531,527
4532,536
4533,592
4534,445
4535,490
4536,629
4537,311
4538,290
4539,73
4540,341
4541,-490
4542,149
4543,149
4544,360
4545,65
4546,-20
4547,308
4548,333
4549,342
4550,446
4551,322
4552,424
4553,410
4554,514
4555,821
4556,497
4557,513
4558,938
4559,611
4560,428
4561,304
4562,358
4563,-57
4564,130
4565,701
4566,415
4567,257
4568,130
4569,1112
4570,467
4571,483
4572,523
4573,515
4574,458
4575,506
4576,555
4577,711
4578,470
4579,512
4580,696
4581,471
4582,353
4583,211
4584,345
4585,-148
4586,140
4587,544
4588,395
4589,159
4590,61
4591,801
4592,481
4593,446
4594,525
4595,328
4596,401
4597,408
4598,479
4599,814
4600,546
4601,534
4602,1185
4603,681
4604,391
4605,323
4606,347
4607,359
4608,175
4609,692
4610,446
4611,247
4612,169
4613,943
4614,584
4615,566
4616,558
4617,511
4618,486
4619,520
4620,543
4621,969
4622,605
4623,511
4624,1004
4625,665
4626,515
4627,308
4628,372
4629,394
4630,232
4631,845
4632,476
4633,258
4634,180
4635,1450
4636,492
4637,575
4638,669
4639,449
4640,596
4641,515
4642,535
4643,-475
4644,-60
4645,-546
4646,-483
4647,-349
4648,197
4649,841
4650,-326
4651,1295
4652,1116
4653,203
4654,-311
4655,7
4656,2213
4657,-284
4658,-257
4659,101
4660,-332
4661,-407
4662,-555
4663,-197
4664,-156
4665,1020
4666,396
4667,657
4668,412
4669,616
4670,343
4671,772
4672,303
4673,-737
4674,-58
4675,983
4676,363
4677,423
4678,282
4679,333
4680,223
4681,424
4682,378
4683,89
4684,266
4685,899
4686,369
4687,769
4688,474
4689,471
4690,554
4691,311
4692,262
4693,109
4694,316
4695,-646
4696,101
4697,80
4698,325
4699,63
4700,-4
4701,89
4702,262
4703,343
4704,412
4705,235
4706,392
4707,430
4708,462
4709,634
4710,464
4711,557
4712,968
4713,521
4714,383
4715,469
4716,460
4717,559
4718,367
4719,435
4720,533
4721,308
4722,100
4723,512
4724,683
4725,622
4726,855
4727,525
4728,726
4729,464
4730,582
4731,520
4732,557
4733,767
4734,1052
4735,769
4736,232
4737,398
4738,403
4739,853
4740,251
4741,175
4742,413
4743,540
4744,247
4745,360
4746,1184
4747,630
4748,572
4749,843
4750,664
4751,662
4752,674
4753,405
4754,397
4755,456
4756,419
4757,339
4758,260
4759,62
4760,308
4761,18
4762,154
4763,158
4764,410
4765,53
4766,70
4767,321
4768,356
4769,396
4770,495
4771,365
4772,400
4773,320
4774,454
4775,-445
4776,-623
4777,-446
4778,-292
4779,-210
4780,-572
4781,831
4782,-157
4783,5962
4784,397
4785,418
4786,41
4787,380
4788,106
4789,20
4790,-24
4791,573
4792,378
4793,1258
4794,-394
4795,-553
4796,-99
4797,376
4798,404
4799,498
4800,591
4801,250
4802,278
4803,560
4804,393
4805,1404
4806,108
4807,302
4808,383
4809,371
4810,528
4811,298
4812,1137
4813,589
4814,649
4815,676
4816,261
4817,416
4818,709
4819,423
4820,478
4821,484
4822,424
4823,373
4824,370
4825,404
4826,341
4827,1407
4828,187
4829,567
4830,421
4831,275
4832,348
4833,582
4834,921
4835,461
4836,714
4837,451
4838,317
4839,378
4840,573
4841,612
4842,382
4843,461
4844,757
4845,181
4846,237
4847,129
4848,376
4849,97
4850,115
4851,44
4852,323
4853,152
4854,27
4855,184
4856,276
4857,282
4858,420
4859,370
4860,378
4861,344
4862,519
4863,326
4864,390
4865,271
4866,306
4867,285
4868,204
4869,158
4870,226
4871,2093
4872,125
4873,199
4874,292
4875,132
4876,77
4877,519
4878,634
4879,468
4880,690
4881,352
4882,213
4883,185
4884,398
4885,377
4886,131
4887,272
4888,638
4889,131
4890,126
4891,267
4892,294
4893,1129
4894,-130
4895,329
4896,167
4897,304
4898,19
4899,691
4900,399
4901,385
4902,437
4903,820
4904,189
4905,162
4906,559
4907,698
4908,497
4909,559
4910,944
4911,432
4912,331
4913,127
4914,393
4915,-343
4916,196
4917,-28
4918,418
4919,99
4920,48
4921,52
4922,410
4923,443
4924,516
4925,392
4926,549
4927,523
4928,580
4929,364
4930,294
4931,345
4932,354
4933,219
4934,446
4935,205
4936,235
4937,-436
4938,-21
4939,214
4940,400
4941,164
4942,303
4943,425
4944,294
4945,306
4946,378
4947,146
4948,228
4949,257
4950,343
4951,388
4952,441
4953,471
4954,503
4955,284
4956,383
4957,196
4958,276
4959,-694
4960,48
4961,20
4962,445
4963,163
4964,138
4965,188
4966,423
4967,455
4968,383
4969,299
4970,380
4971,411
4972,470
4973,198
4974,57
4975,79
4976,348
4977,245
4978,425
4979,193
4980,17
4981,-263
4982,-174
4983,966
4984,274
4985,9
4986,742
4987,739
4988,223
4989,256
4990,271
4991,-16
4992,238
4993,160
4994,104
4995,158
4996,205
4997,449
4998,230
4999,432
5000,100
5001,928
5002,690
5003,-450
5004,-3
5005,-319
5006,186
5007,1148
5008,234
5009,-110
5010,52
5011,138
5012,285
5013,460
5014,158
5015,288
5016,462
5017,225
5018,225
5019,223
5020,471
5021,247
5022,440
5023,194
5024,49
5025,-437
5026,-168
5027,282
5028,272
5029,241
5030,531
5031,801
5032,231
5033,207
5034,215
5035,-23
5036,129
5037,178
5038,146
5039,475
5040,482
5041,366
5042,409
5043,479
5044,431
5045,324
5046,268
5047,-359
5048,162
5049,533
5050,413
5051,353
5052,338
5053,298
5054,364
5055,378
5056,546
5057,192
5058,465
5059,466
5060,417
5061,586
5062,413
5063,329
5064,471
5065,483
5066,518
5067,93
5068,187
5069,284
5070,154
5071,705
5072,392
5073,86
5074,210
5075,599
5076,383
5077,400
5078,680
5079,184
5080,525
5081,327
5082,369
5083,634
5084,613
5085,547
5086,766
5087,619
5088,315
5089,357
5090,353
5091,283
5092,220
5093,175
5094,384
5095,330
5096,330
5097,178
5098,434
5099,516
5100,502
5101,433
5102,649
5103,495
5104,668
5105,209
5106,53
5107,81
5108,142
5109,323
5110,534
5111,418
5112,14
5113,-288
5114,-151
5115,655
5116,220
5117,159
5118,680
5119,67
5120,133
5121,376
5122,234
5123,-84
5124,276
5125,360
5126,42
5127,434
5128,428
5129,576
5130,481
5131,299
5132,359
5133,289
5134,343
5135,-688
5136,81
5137,-89
5138,384
5139,130
5140,223
5141,-54
5142,387
5143,627
5144,360
5145,281
5146,467
5147,587
5148,542
5149,283
5150,519
5151,513
5152,425
5153,1082
5154,333
5155,349
5156,586
5157,-379
5158,35
5159,108
5160,340
5161,649
5162,495
5163,82
5164,267
5165,573
5166,276
5167,153
5168,896
5169,686
5170,316
5171,237
5172,543
5173,463
5174,389
5175,1168
5176,279
5177,201
5178,243
5179,-42
5180,-103
5181,544
5182,189
5183,337
5184,603
5185,401
5186,265
5187,778
5188,217
5189,-34
5190,1231
5191,548
5192,139
5193,300
5194,1521
5195,368
5196,480
5197,670
5198,242
5199,284
5200,286
5201,-220
5202,26
5203,264
5204,258
5205,387
5206,577
5207,185
5208,600
5209,500
5210,367
5211,307
5212,935
5213,398
5214,371
5215,461
5216,475
5217,473
5218,671
5219,796
5220,327
5221,330
5222,416
5223,-433
5224,186
5225,169
5226,359
5227,466
5228,458
5229,158
5230,255
5231,506
5232,400
5233,200
5234,1090
5235,652
5236,405
5237,754
5238,186
5239,249
5240,427
5241,507
5242,445
5243,724
5244,274
5245,-429
5246,-54
5247,870
5248,403
5249,238
5250,670
5251,134
5252,417
5253,394
5254,161
5255,-13
5256,138
5257,317
5258,149
5259,531
5260,476
5261,515
5262,517
5263,395
5264,338
5265,0
5266,324
5267,-269
5268,257
5269,53
5270,373
5271,23
5272,-13
5273,184
5274,417
5275,559
5276,453
5277,340
5278,518
5279,550
5280,519
