id,forecastVolum
1,222
2,455
3,93
4,258
5,416
6,49
7,387
8,35
9,1797
10,303
11,280
12,86
13,387
14,224
15,256
16,376
17,350
18,200
19,356
20,82
21,249
22,155
23,387
24,387
25,387
26,387
27,387
28,387
29,387
30,387
31,6815
32,387
33,688
34,387
35,387
36,387
37,579
38,387
39,387
40,375
41,584
42,387
43,387
44,387
45,111
46,417
47,137
48,413
49,407
50,18
51,387
52,387
53,847
54,137
55,387
56,27
57,387
58,192
59,31
60,208
61,279
62,27
63,113
64,107
65,209
66,95
67,387
68,387
69,387
70,387
71,81
72,387
73,387
74,387
75,2752
76,387
77,182
78,387
79,387
80,40
81,503
82,185
83,201
84,118
85,387
86,387
87,387
88,387
89,387
90,2743
91,58
92,387
93,1026
94,1080
95,2507
96,1000
97,593
98,1940
99,1129
100,531
101,2374
102,3258
103,668
104,858
105,1289
106,149
107,378
108,387
109,1142
110,197
111,387
112,182
113,118
114,387
115,668
116,629
117,907
118,15
119,4064
120,198
121,942
122,374
123,1342
124,2041
125,308
126,873
127,1300
128,387
129,387
130,192
131,74
132,387
133,916
134,130
135,387
136,902
137,148
138,2
139,374
140,387
141,387
142,387
143,387
144,387
145,387
146,294
147,200
148,4
149,30
150,387
151,387
152,387
153,78
154,387
155,467
156,260
157,8
158,28
159,332
160,331
161,42
162,387
163,387
164,87
165,712
166,169
167,387
168,213
169,455
170,257
171,297
172,66
173,387
174,53
175,129
176,387
177,863
178,468
179,191
180,404
181,935
182,712
183,797
184,183
185,356
186,221
187,1003
188,689
189,232
190,932
191,657
192,974
193,1087
194,317
195,387
196,249
197,281
198,387
199,219
200,387
201,387
202,387
203,726
204,927
205,1926
206,387
207,64
208,387
209,2966
210,336
211,425
212,1530
213,1263
214,402
215,550
216,387
217,387
218,387
219,387
220,387
221,387
222,387
223,387
224,387
225,433
226,387
227,632
228,387
229,0
230,387
231,32
232,60
233,387
234,948
235,1158
236,63
237,434
238,60
239,387
240,387
241,340
242,387
243,387
244,152
245,387
246,387
247,421
248,2
249,494
250,97
251,387
252,387
253,387
254,12
255,403
256,668
257,387
258,103
259,347
260,387
261,387
262,387
263,286
264,387
265,387
266,651
267,163
268,387
269,1088
270,707
271,836
272,243
273,387
274,253
275,588
276,437
277,855
278,1045
279,510
280,655
281,563
282,183
283,387
284,161
285,391
286,215
287,387
288,688
289,132
290,387
291,1428
292,1015
293,1886
294,62
295,983
296,91
297,2018
298,454
299,1190
300,2548
301,1346
302,939
303,1279
304,98
305,136
306,135
307,198
308,30
309,707
310,558
311,389
312,1025
313,750
314,631
315,833
316,589
317,387
318,109
319,1154
320,289
321,917
322,931
323,364
324,304
325,482
326,186
327,387
328,400
329,512
330,387
331,387
332,327
333,387
334,387
335,1562
336,387
337,1660
338,387
339,121
340,387
341,387
342,387
343,1712
344,819
345,387
346,387
347,464
348,387
349,81
350,387
351,387
352,370
353,1123
354,142
355,387
356,21
357,957
358,1010
359,1838
360,223
361,17
362,387
363,2468
364,461
365,1737
366,2272
367,666
368,366
369,760
370,55
371,387
372,387
373,254
374,387
375,387
376,138
377,387
378,387
379,618
380,270
381,2252
382,820
383,387
384,387
385,256
386,387
387,2199
388,1012
389,387
390,387
391,93
392,387
393,387
394,387
395,129
396,387
397,67
398,363
399,181
400,841
401,710
402,231
403,929
404,71
405,387
406,387
407,576
408,33
409,913
410,992
411,155
412,256
413,255
414,90
415,196
416,112
417,235
418,547
419,929
420,759
421,280
422,593
423,1079
424,807
425,696
426,167
427,407
428,305
429,1180
430,680
431,354
432,791
433,1475
434,804
435,947
436,639
437,67
438,439
439,404
440,247
441,387
442,387
443,387
444,387
445,1174
446,243
447,757
448,387
449,387
450,387
451,1313
452,387
453,1381
454,1090
455,584
456,387
457,387
458,387
459,387
460,387
461,387
462,387
463,387
464,387
465,387
466,29
467,118
468,387
469,733
470,387
471,387
472,387
473,1130
474,387
475,395
476,352
477,833
478,387
479,387
480,387
481,387
482,387
483,387
484,387
485,244
486,440
487,229
488,240
489,524
490,668
491,649
492,287
493,387
494,247
495,134
496,244
497,397
498,531
499,13
500,409
501,485
502,189
503,58
504,317
505,317
506,206
507,479
508,265
509,387
510,480
511,494
512,109
513,5
514,387
515,280
516,33
517,947
518,51
519,387
520,121
521,917
522,216
523,228
524,242
525,387
526,115
527,127
528,387
529,230
530,284
531,387
532,205
533,368
534,69
535,387
536,387
537,387
538,51
539,295
540,45
541,387
542,55
543,316
544,215
545,208
546,131
547,387
548,68
549,101
550,387
551,482
552,355
553,16
554,617
555,479
556,108
557,387
558,387
559,109
560,80
561,543
562,72
563,387
564,139
565,532
566,283
567,241
568,196
569,387
570,136
571,176
572,387
573,65
574,137
575,387
576,10
577,125
578,387
579,387
580,387
581,387
582,387
583,387
584,387
585,387
586,387
587,28
588,2
589,46
590,387
591,387
592,387
593,387
594,387
595,321
596,215
597,387
598,343
599,456
600,91
601,387
602,387
603,387
604,387
605,531
606,387
607,387
608,107
609,873
610,167
611,227
612,25
613,387
614,387
615,100
616,387
617,157
618,137
619,387
620,53
621,258
622,387
623,387
624,387
625,387
626,387
627,323
628,387
629,387
630,387
631,503
632,126
633,132
634,387
635,387
636,387
637,387
638,387
639,359
640,314
641,4
642,643
643,572
644,110
645,47
646,387
647,348
648,30
649,576
650,70
651,387
652,188
653,743
654,326
655,362
656,104
657,387
658,66
659,157
660,387
661,381
662,231
663,387
664,316
665,427
666,87
667,387
668,387
669,220
670,387
671,582
672,387
673,387
674,61
675,1121
676,105
677,231
678,79
679,387
680,38
681,17
682,387
683,356
684,957
685,169
686,256
687,804
688,1149
689,1758
690,463
691,2607
692,2334
693,1333
694,569
695,802
696,3616
697,756
698,743
699,1146
700,478
701,231
702,312
703,711
704,463
705,631
706,229
707,198
708,387
709,580
710,125
711,579
712,387
713,387
714,387
715,949
716,64
717,147
718,384
719,216
720,41
721,292
722,5
723,387
724,387
725,621
726,387
727,291
728,211
729,387
730,387
731,174
732,387
733,387
734,387
735,387
736,387
737,387
738,387
739,387
740,387
741,387
742,387
743,91
744,387
745,387
746,387
747,41
748,387
749,92
750,148
751,387
752,345
753,334
754,8
755,103
756,387
757,556
758,149
759,226
760,69
761,387
762,61
763,216
764,351
765,339
766,326
767,387
768,237
769,24
770,387
771,132
772,412
773,321
774,604
775,755
776,28
777,198
778,26
779,932
780,200
781,143
782,117
783,258
784,345
785,237
786,1001
787,512
788,195
789,314
790,348
791,388
792,125
793,16
794,232
795,387
796,387
797,299
798,50
799,387
800,387
801,72
802,84
803,108
804,108
805,387
806,156
807,192
808,169
809,251
810,112
811,387
812,60
813,21
814,387
815,387
816,387
817,387
818,387
819,387
820,387
821,796
822,387
823,6166
824,390
825,555
826,387
827,208
828,395
829,62
830,387
831,579
832,109
833,803
834,387
835,387
836,387
837,126
838,406
839,190
840,241
841,347
842,191
843,483
844,139
845,1624
846,167
847,367
848,200
849,213
850,762
851,282
852,1086
853,585
854,395
855,262
856,68
857,272
858,294
859,387
860,240
861,387
862,387
863,266
864,88
865,112
866,387
867,1404
868,21
869,443
870,41
871,387
872,352
873,384
874,659
875,257
876,246
877,387
878,387
879,16
880,387
881,211
882,207
883,387
884,279
885,129
886,3
887,387
888,387
889,128
890,31
891,387
892,5
893,387
894,90
895,37
896,69
897,118
898,22
899,387
900,19
901,39
902,387
903,108
904,401
905,387
906,24
907,393
908,164
909,71
910,387
911,2411
912,209
913,282
914,149
915,387
916,296
917,559
918,601
919,500
920,473
921,387
922,34
923,37
924,387
925,256
926,259
927,81
928,438
929,354
930,197
931,338
932,161
933,1518
934,66
935,533
936,121
937,261
938,378
939,813
940,475
941,515
942,320
943,552
944,103
945,159
946,264
947,216
948,233
949,2
950,375
951,299
952,26
953,387
954,387
955,387
956,30
957,387
958,18
959,387
960,48
961,387
962,122
963,196
964,38
965,387
966,98
967,126
968,387
969,202
970,370
971,113
972,117
973,395
974,474
975,197
976,59
977,387
978,142
979,379
980,312
981,78
982,596
983,516
984,334
985,390
986,230
987,387
988,112
989,190
990,23
991,258
992,521
993,250
994,278
995,497
996,412
997,221
998,111
999,387
1000,240
1001,229
1002,379
1003,94
1004,475
1005,318
1006,488
1007,557
1008,257
1009,15
1010,283
1011,367
1012,163
1013,127
1014,180
1015,387
1016,173
1017,516
1018,508
1019,272
1020,387
1021,98
1022,40
1023,1239
1024,260
1025,8
1026,1148
1027,949
1028,334
1029,407
1030,187
1031,387
1032,184
1033,164
1034,387
1035,156
1036,479
1037,407
1038,143
1039,783
1040,277
1041,1163
1042,692
1043,387
1044,315
1045,14
1046,261
1047,1245
1048,741
1049,122
1050,265
1051,377
1052,281
1053,355
1054,224
1055,420
1056,299
1057,37
1058,263
1059,387
1060,188
1061,395
1062,416
1063,171
1064,387
1065,387
1066,387
1067,433
1068,167
1069,147
1070,826
1071,877
1072,240
1073,270
1074,29
1075,387
1076,387
1077,81
1078,387
1079,111
1080,328
1081,387
1082,387
1083,457
1084,236
1085,119
1086,387
1087,387
1088,111
1089,502
1090,126
1091,61
1092,443
1093,185
1094,196
1095,247
1096,183
1097,387
1098,135
1099,190
1100,387
1101,282
1102,325
1103,387
1104,68
1105,533
1106,387
1107,387
1108,387
1109,400
1110,157
1111,735
1112,171
1113,387
1114,392
1115,549
1116,273
1117,333
1118,367
1119,387
1120,260
1121,116
1122,387
1123,341
1124,535
1125,172
1126,383
1127,674
1128,199
1129,223
1130,34
1131,473
1132,235
1133,215
1134,177
1135,111
1136,501
1137,139
1138,328
1139,464
1140,197
1141,387
1142,404
1143,293
1144,197
1145,267
1146,326
1147,46
1148,108
1149,707
1150,756
1151,594
1152,37
1153,202
1154,177
1155,1027
1156,325
1157,278
1158,1172
1159,357
1160,387
1161,646
1162,278
1163,387
1164,362
1165,485
1166,387
1167,261
1168,474
1169,318
1170,217
1171,467
1172,351
1173,292
1174,150
1175,387
1176,235
1177,77
1178,285
1179,28
1180,523
1181,27
1182,413
1183,692
1184,189
1185,387
1186,329
1187,505
1188,190
1189,387
1190,389
1191,92
1192,387
1193,1086
1194,139
1195,176
1196,218
1197,387
1198,387
1199,95
1200,68
1201,395
1202,630
1203,387
1204,119
1205,439
1206,387
1207,387
1208,588
1209,434
1210,387
1211,5
1212,554
1213,175
1214,85
1215,1307
1216,252
1217,185
1218,19
1219,191
1220,387
1221,708
1222,42
1223,218
1224,938
1225,477
1226,242
1227,802
1228,7
1229,387
1230,1054
1231,430
1232,387
1233,387
1234,1304
1235,387
1236,387
1237,589
1238,387
1239,11
1240,387
1241,387
1242,387
1243,171
1244,387
1245,51
1246,631
1247,5
1248,365
1249,305
1250,387
1251,387
1252,534
1253,54
1254,387
1255,8
1256,248
1257,387
1258,138
1259,709
1260,56
1261,49
1262,387
1263,387
1264,65
1265,59
1266,387
1267,91
1268,494
1269,387
1270,7
1271,298
1272,387
1273,387
1274,685
1275,293
1276,387
1277,818
1278,456
1279,214
1280,381
1281,911
1282,664
1283,967
1284,321
1285,65
1286,325
1287,1282
1288,521
1289,375
1290,1193
1291,463
1292,676
1293,694
1294,225
1295,387
1296,233
1297,459
1298,32
1299,112
1300,278
1301,22
1302,9
1303,320
1304,86
1305,387
1306,387
1307,387
1308,159
1309,387
1310,37
1311,387
1312,42
1313,22
1314,197
1315,379
1316,40
1317,387
1318,134
1319,226
1320,387
1321,340
1322,641
1323,309
1324,370
1325,421
1326,87
1327,387
1328,200
1329,1193
1330,470
1331,166
1332,179
1333,387
1334,387
1335,198
1336,352
1337,300
1338,340
1339,563
1340,301
1341,359
1342,446
1343,387
1344,387
1345,387
1346,387
1347,387
1348,387
1349,387
1350,387
1351,6176
1352,102
1353,541
1354,387
1355,387
1356,387
1357,486
1358,387
1359,387
1360,480
1361,756
1362,387
1363,387
1364,387
1365,312
1366,686
1367,436
1368,608
1369,495
1370,139
1371,387
1372,227
1373,327
1374,386
1375,387
1376,203
1377,387
1378,387
1379,55
1380,267
1381,313
1382,250
1383,404
1384,410
1385,402
1386,469
1387,387
1388,209
1389,387
1390,387
1391,125
1392,387
1393,387
1394,387
1395,2187
1396,178
1397,109
1398,387
1399,387
1400,387
1401,483
1402,200
1403,191
1404,297
1405,158
1406,37
1407,387
1408,49
1409,387
1410,2480
1411,387
1412,387
1413,583
1414,668
1415,1809
1416,716
1417,387
1418,1657
1419,569
1420,175
1421,1891
1422,2521
1423,160
1424,384
1425,791
1426,387
1427,136
1428,387
1429,803
1430,39
1431,387
1432,387
1433,387
1434,387
1435,208
1436,201
1437,192
1438,387
1439,2995
1440,387
1441,364
1442,1
1443,841
1444,1287
1445,387
1446,383
1447,784
1448,387
1449,387
1450,387
1451,387
1452,387
1453,1162
1454,445
1455,230
1456,1143
1457,282
1458,168
1459,254
1460,168
1461,387
1462,198
1463,404
1464,121
1465,387
1466,134
1467,270
1468,108
1469,109
1470,205
1471,79
1472,270
1473,317
1474,279
1475,655
1476,517
1477,295
1478,212
1479,408
1480,439
1481,387
1482,152
1483,387
1484,324
1485,671
1486,333
1487,387
1488,387
1489,467
1490,304
1491,319
1492,277
1493,16
1494,343
1495,310
1496,264
1497,725
1498,399
1499,152
1500,261
1501,686
1502,495
1503,293
1504,94
1505,387
1506,132
1507,636
1508,527
1509,387
1510,389
1511,343
1512,695
1513,782
1514,201
1515,387
1516,213
1517,136
1518,16
1519,50
1520,387
1521,387
1522,387
1523,444
1524,677
1525,1389
1526,387
1527,387
1528,387
1529,2567
1530,142
1531,103
1532,955
1533,917
1534,90
1535,214
1536,387
1537,387
1538,387
1539,387
1540,387
1541,387
1542,387
1543,387
1544,387
1545,339
1546,387
1547,283
1548,387
1549,387
1550,387
1551,387
1552,53
1553,387
1554,560
1555,1000
1556,387
1557,284
1558,100
1559,387
1560,387
1561,350
1562,387
1563,387
1564,336
1565,63
1566,387
1567,424
1568,37
1569,243
1570,260
1571,387
1572,134
1573,387
1574,102
1575,367
1576,377
1577,387
1578,76
1579,295
1580,387
1581,387
1582,97
1583,393
1584,20
1585,387
1586,610
1587,153
1588,387
1589,867
1590,518
1591,361
1592,182
1593,387
1594,192
1595,250
1596,304
1597,594
1598,531
1599,225
1600,404
1601,287
1602,97
1603,387
1604,154
1605,274
1606,279
1607,387
1608,68
1609,387
1610,387
1611,628
1612,247
1613,831
1614,387
1615,387
1616,387
1617,1101
1618,387
1619,350
1620,1454
1621,481
1622,109
1623,424
1624,387
1625,387
1626,387
1627,387
1628,387
1629,642
1630,561
1631,422
1632,954
1633,572
1634,485
1635,400
1636,571
1637,387
1638,92
1639,860
1640,199
1641,699
1642,460
1643,122
1644,96
1645,249
1646,143
1647,387
1648,436
1649,439
1650,80
1651,387
1652,398
1653,387
1654,387
1655,1453
1656,387
1657,1296
1658,387
1659,387
1660,387
1661,387
1662,387
1663,1563
1664,416
1665,387
1666,387
1667,300
1668,387
1669,173
1670,387
1671,387
1672,546
1673,636
1674,387
1675,387
1676,387
1677,358
1678,443
1679,984
1680,387
1681,387
1682,387
1683,1752
1684,387
1685,1098
1686,1379
1687,3
1688,387
1689,105
1690,387
1691,387
1692,387
1693,387
1694,387
1695,387
1696,134
1697,387
1698,387
1699,434
1700,117
1701,1812
1702,795
1703,387
1704,387
1705,387
1706,387
1707,1974
1708,534
1709,387
1710,387
1711,387
1712,387
1713,387
1714,387
1715,48
1716,387
1717,74
1718,438
1719,285
1720,842
1721,604
1722,158
1723,569
1724,126
1725,387
1726,31
1727,354
1728,15
1729,768
1730,593
1731,387
1732,120
1733,95
1734,118
1735,292
1736,220
1737,234
1738,727
1739,797
1740,695
1741,246
1742,455
1743,834
1744,594
1745,197
1746,83
1747,387
1748,221
1749,818
1750,523
1751,69
1752,253
1753,1166
1754,530
1755,647
1756,528
1757,24
1758,408
1759,264
1760,288
1761,387
1762,387
1763,387
1764,387
1765,967
1766,69
1767,297
1768,387
1769,387
1770,387
1771,989
1772,387
1773,1135
1774,590
1775,314
1776,387
1777,387
1778,387
1779,387
1780,387
1781,387
1782,387
1783,295
1784,201
1785,387
1786,328
1787,310
1788,131
1789,670
1790,387
1791,387
1792,387
1793,1205
1794,387
1795,547
1796,250
1797,960
1798,387
1799,387
1800,387
1801,387
1802,387
1803,9
1804,52
1805,392
1806,656
1807,475
1808,382
1809,559
1810,735
1811,430
1812,483
1813,387
1814,443
1815,52
1816,367
1817,393
1818,273
1819,387
1820,414
1821,466
1822,359
1823,295
1824,567
1825,457
1826,527
1827,641
1828,496
1829,199
1830,637
1831,544
1832,191
1833,387
1834,85
1835,387
1836,243
1837,880
1838,189
1839,387
1840,387
1841,903
1842,237
1843,223
1844,427
1845,57
1846,380
1847,282
1848,179
1849,472
1850,595
1851,338
1852,441
1853,498
1854,230
1855,387
1856,187
1857,387
1858,341
1859,308
1860,262
1861,387
1862,387
1863,382
1864,315
1865,283
1866,395
1867,82
1868,411
1869,334
1870,302
1871,673
1872,614
1873,304
1874,802
1875,557
1876,219
1877,387
1878,178
1879,387
1880,319
1881,504
1882,238
1883,387
1884,387
1885,546
1886,332
1887,265
1888,408
1889,139
1890,428
1891,359
1892,284
1893,434
1894,574
1895,354
1896,373
1897,381
1898,216
1899,387
1900,207
1901,387
1902,351
1903,88
1904,249
1905,387
1906,387
1907,220
1908,229
1909,248
1910,314
1911,97
1912,398
1913,333
1914,356
1915,504
1916,466
1917,215
1918,520
1919,526
1920,193
1921,387
1922,56
1923,387
1924,178
1925,484
1926,147
1927,387
1928,387
1929,879
1930,207
1931,243
1932,230
1933,135
1934,277
1935,274
1936,231
1937,438
1938,486
1939,265
1940,328
1941,426
1942,168
1943,387
1944,97
1945,387
1946,228
1947,374
1948,177
1949,387
1950,387
1951,608
1952,265
1953,246
1954,281
1955,387
1956,265
1957,220
1958,207
1959,462
1960,485
1961,205
1962,740
1963,562
1964,132
1965,387
1966,16
1967,387
1968,180
1969,450
1970,148
1971,387
1972,387
1973,669
1974,286
1975,298
1976,228
1977,95
1978,270
1979,252
1980,183
1981,559
1982,477
1983,121
1984,488
1985,492
1986,184
1987,387
1988,387
1989,387
1990,190
1991,530
1992,112
1993,387
1994,387
1995,1122
1996,140
1997,241
1998,279
1999,387
2000,317
2001,187
2002,112
2003,387
2004,580
2005,387
2006,387
2007,247
2008,624
2009,943
2010,66
2011,1441
2012,1937
2013,655
2014,99
2015,200
2016,2762
2017,134
2018,155
2019,534
2020,55
2021,387
2022,387
2023,258
2024,191
2025,721
2026,387
2027,385
2028,24
2029,557
2030,134
2031,301
2032,50
2033,387
2034,36
2035,809
2036,128
2037,84
2038,68
2039,129
2040,387
2041,214
2042,117
2043,387
2044,109
2045,703
2046,78
2047,608
2048,596
2049,335
2050,296
2051,379
2052,185
2053,387
2054,182
2055,387
2056,301
2057,17
2058,219
2059,387
2060,387
2061,9
2062,152
2063,241
2064,280
2065,14
2066,367
2067,350
2068,306
2069,255
2070,380
2071,203
2072,502
2073,385
2074,91
2075,387
2076,122
2077,387
2078,360
2079,159
2080,208
2081,387
2082,387
2083,202
2084,372
2085,335
2086,512
2087,90
2088,501
2089,179
2090,225
2091,136
2092,485
2093,423
2094,603
2095,646
2096,387
2097,387
2098,78
2099,214
2100,253
2101,387
2102,96
2103,110
2104,387
2105,65
2106,863
2107,349
2108,221
2109,408
2110,453
2111,384
2112,302
2113,264
2114,549
2115,335
2116,186
2117,435
2118,217
2119,387
2120,206
2121,387
2122,380
2123,127
2124,331
2125,387
2126,387
2127,264
2128,275
2129,332
2130,382
2131,157
2132,409
2133,261
2134,312
2135,387
2136,387
2137,387
2138,387
2139,387
2140,387
2141,243
2142,387
2143,5258
2144,253
2145,140
2146,387
2147,387
2148,387
2149,387
2150,387
2151,226
2152,387
2153,707
2154,387
2155,387
2156,387
2157,64
2158,412
2159,226
2160,173
2161,173
2162,49
2163,55
2164,125
2165,841
2166,153
2167,76
2168,113
2169,0
2170,294
2171,44
2172,882
2173,356
2174,355
2175,290
2176,108
2177,202
2178,405
2179,131
2180,480
2181,220
2182,49
2183,324
2184,178
2185,387
2186,100
2187,853
2188,241
2189,385
2190,188
2191,387
2192,118
2193,379
2194,688
2195,261
2196,439
2197,80
2198,175
2199,179
2200,283
2201,490
2202,554
2203,367
2204,553
2205,295
2206,202
2207,387
2208,277
2209,387
2210,358
2211,16
2212,259
2213,387
2214,387
2215,139
2216,206
2217,230
2218,323
2219,185
2220,400
2221,310
2222,397
2223,132
2224,494
2225,95
2226,43
2227,306
2228,108
2229,387
2230,61
2231,1714
2232,282
2233,77
2234,149
2235,387
2236,387
2237,407
2238,483
2239,358
2240,519
2241,88
2242,161
2243,54
2244,166
2245,218
2246,290
2247,141
2248,395
2249,204
2250,79
2251,387
2252,171
2253,758
2254,76
2255,266
2256,58
2257,71
2258,387
2259,599
2260,295
2261,310
2262,304
2263,603
2264,167
2265,113
2266,399
2267,517
2268,602
2269,401
2270,670
2271,488
2272,247
2273,387
2274,243
2275,387
2276,379
2277,387
2278,294
2279,387
2280,387
2281,387
2282,281
2283,330
2284,361
2285,146
2286,500
2287,419
2288,403
2289,307
2290,543
2291,315
2292,216
2293,387
2294,499
2295,387
2296,211
2297,387
2298,295
2299,255
2300,392
2301,31
2302,295
2303,444
2304,297
2305,328
2306,357
2307,23
2308,318
2309,287
2310,301
2311,360
2312,691
2313,450
2314,374
2315,487
2316,434
2317,387
2318,261
2319,387
2320,390
2321,102
2322,457
2323,44
2324,171
2325,243
2326,447
2327,492
2328,381
2329,206
2330,486
2331,461
2332,438
2333,54
2334,175
2335,387
2336,94
2337,330
2338,354
2339,387
2340,387
2341,387
2342,15
2343,936
2344,161
2345,387
2346,669
2347,699
2348,118
2349,166
2350,136
2351,387
2352,212
2353,82
2354,387
2355,112
2356,503
2357,461
2358,93
2359,627
2360,152
2361,752
2362,695
2363,387
2364,319
2365,387
2366,192
2367,1049
2368,291
2369,387
2370,79
2371,165
2372,259
2373,400
2374,281
2375,368
2376,427
2377,70
2378,365
2379,87
2380,216
2381,316
2382,369
2383,387
2384,387
2385,387
2386,29
2387,237
2388,175
2389,28
2390,453
2391,734
2392,130
2393,136
2394,85
2395,387
2396,106
2397,106
2398,387
2399,292
2400,577
2401,201
2402,130
2403,526
2404,336
2405,387
2406,119
2407,387
2408,340
2409,453
2410,282
2411,90
2412,218
2413,189
2414,235
2415,260
2416,386
2417,387
2418,417
2419,363
2420,235
2421,364
2422,475
2423,113
2424,144
2425,502
2426,388
2427,387
2428,2
2429,387
2430,287
2431,588
2432,228
2433,387
2434,69
2435,454
2436,213
2437,248
2438,471
2439,387
2440,444
2441,190
2442,138
2443,415
2444,678
2445,344
2446,451
2447,636
2448,193
2449,387
2450,157
2451,387
2452,358
2453,60
2454,227
2455,34
2456,170
2457,37
2458,261
2459,371
2460,294
2461,137
2462,580
2463,360
2464,444
2465,182
2466,309
2467,59
2468,17
2469,509
2470,590
2471,141
2472,387
2473,387
2474,140
2475,713
2476,215
2477,41
2478,681
2479,95
2480,159
2481,393
2482,215
2483,387
2484,378
2485,392
2486,6
2487,394
2488,675
2489,549
2490,345
2491,488
2492,404
2493,58
2494,331
2495,387
2496,416
2497,387
2498,393
2499,8
2500,250
2501,387
2502,403
2503,658
2504,344
2505,174
2506,564
2507,630
2508,496
2509,387
2510,436
2511,169
2512,387
2513,953
2514,37
2515,387
2516,244
2517,387
2518,19
2519,387
2520,22
2521,222
2522,203
2523,387
2524,387
2525,250
2526,387
2527,387
2528,669
2529,404
2530,387
2531,387
2532,400
2533,50
2534,387
2535,972
2536,387
2537,387
2538,387
2539,387
2540,387
2541,256
2542,387
2543,387
2544,310
2545,78
2546,387
2547,412
2548,387
2549,387
2550,933
2551,200
2552,387
2553,157
2554,1662
2555,249
2556,238
2557,767
2558,193
2559,387
2560,176
2561,387
2562,254
2563,232
2564,170
2565,189
2566,515
2567,119
2568,513
2569,428
2570,250
2571,91
2572,926
2573,336
2574,231
2575,144
2576,452
2577,187
2578,268
2579,732
2580,111
2581,387
2582,143
2583,387
2584,249
2585,387
2586,107
2587,75
2588,223
2589,387
2590,1
2591,266
2592,118
2593,387
2594,923
2595,421
2596,98
2597,707
2598,413
2599,201
2600,264
2601,688
2602,473
2603,489
2604,257
2605,387
2606,262
2607,941
2608,385
2609,111
2610,676
2611,175
2612,422
2613,415
2614,135
2615,387
2616,223
2617,340
2618,94
2619,372
2620,606
2621,381
2622,264
2623,468
2624,265
2625,387
2626,193
2627,387
2628,467
2629,387
2630,272
2631,387
2632,387
2633,105
2634,315
2635,472
2636,322
2637,120
2638,496
2639,478
2640,362
2641,395
2642,563
2643,259
2644,452
2645,429
2646,11
2647,387
2648,166
2649,1882
2650,428
2651,321
2652,133
2653,387
2654,387
2655,341
2656,364
2657,338
2658,366
2659,615
2660,202
2661,311
2662,454
2663,27
2664,74
2665,387
2666,387
2667,320
2668,387
2669,387
2670,387
2671,7292
2672,487
2673,1122
2674,387
2675,387
2676,387
2677,1055
2678,253
2679,275
2680,932
2681,1234
2682,387
2683,387
2684,426
2685,314
2686,555
2687,333
2688,637
2689,450
2690,11
2691,387
2692,140
2693,963
2694,292
2695,53
2696,104
2697,387
2698,387
2699,146
2700,226
2701,298
2702,223
2703,402
2704,258
2705,302
2706,425
2707,99
2708,224
2709,387
2710,55
2711,226
2712,387
2713,387
2714,387
2715,2970
2716,230
2717,357
2718,11
2719,387
2720,387
2721,721
2722,306
2723,322
2724,417
2725,303
2726,31
2727,24
2728,151
2729,387
2730,2296
2731,387
2732,387
2733,484
2734,487
2735,1823
2736,576
2737,123
2738,1509
2739,617
2740,23
2741,1813
2742,2435
2743,197
2744,290
2745,722
2746,387
2747,81
2748,387
2749,650
2750,387
2751,387
2752,35
2753,30
2754,387
2755,426
2756,337
2757,523
2758,387
2759,3895
2760,67
2761,730
2762,166
2763,1080
2764,1518
2765,138
2766,606
2767,1033
2768,387
2769,387
2770,57
2771,387
2772,14
2773,1215
2774,365
2775,179
2776,1223
2777,288
2778,91
2779,372
2780,132
2781,63
2782,155
2783,556
2784,73
2785,4
2786,152
2787,412
2788,118
2789,145
2790,229
2791,128
2792,169
2793,268
2794,286
2795,590
2796,318
2797,125
2798,173
2799,296
2800,244
2801,387
2802,387
2803,387
2804,162
2805,705
2806,166
2807,387
2808,387
2809,491
2810,196
2811,236
2812,183
2813,387
2814,124
2815,143
2816,153
2817,857
2818,398
2819,179
2820,420
2821,771
2822,497
2823,491
2824,137
2825,264
2826,168
2827,868
2828,558
2829,48
2830,487
2831,564
2832,784
2833,897
2834,305
2835,387
2836,191
2837,166
2838,102
2839,388
2840,387
2841,387
2842,387
2843,735
2844,886
2845,1793
2846,387
2847,146
2848,387
2849,3005
2850,379
2851,415
2852,1259
2853,1344
2854,386
2855,535
2856,9
2857,387
2858,387
2859,387
2860,387
2861,387
2862,387
2863,387
2864,387
2865,268
2866,387
2867,324
2868,387
2869,387
2870,387
2871,387
2872,387
2873,387
2874,501
2875,1065
2876,387
2877,243
2878,47
2879,387
2880,387
2881,224
2882,387
2883,387
2884,166
2885,387
2886,387
2887,341
2888,387
2889,272
2890,135
2891,387
2892,2
2893,387
2894,387
2895,303
2896,306
2897,387
2898,387
2899,241
2900,387
2901,387
2902,387
2903,255
2904,387
2905,387
2906,482
2907,53
2908,387
2909,824
2910,393
2911,431
2912,98
2913,387
2914,101
2915,354
2916,208
2917,572
2918,501
2919,318
2920,366
2921,275
2922,73
2923,387
2924,4
2925,177
2926,238
2927,387
2928,28
2929,387
2930,387
2931,674
2932,210
2933,990
2934,387
2935,301
2936,387
2937,1293
2938,387
2939,416
2940,1512
2941,663
2942,159
2943,499
2944,387
2945,387
2946,387
2947,387
2948,387
2949,699
2950,485
2951,375
2952,1038
2953,583
2954,413
2955,523
2956,540
2957,387
2958,53
2959,1016
2960,156
2961,730
2962,482
2963,269
2964,111
2965,290
2966,172
2967,387
2968,339
2969,394
2970,92
2971,387
2972,648
2973,148
2974,387
2975,1788
2976,387
2977,1744
2978,254
2979,420
2980,387
2981,387
2982,387
2983,1919
2984,764
2985,387
2986,387
2987,665
2988,387
2989,552
2990,387
2991,387
2992,883
2993,1150
2994,104
2995,387
2996,69
2997,824
2998,826
2999,1563
3000,208
3001,387
3002,387
3003,2364
3004,362
3005,1584
3006,1857
3007,605
3008,208
3009,602
3010,75
3011,387
3012,387
3013,170
3014,387
3015,65
3016,259
3017,124
3018,387
3019,644
3020,245
3021,2136
3022,964
3023,387
3024,387
3025,311
3026,387
3027,2205
3028,757
3029,387
3030,387
3031,94
3032,387
3033,119
3034,387
3035,204
3036,131
3037,198
3038,429
3039,305
3040,993
3041,681
3042,151
3043,759
3044,161
3045,387
3046,58
3047,577
3048,38
3049,865
3050,682
3051,198
3052,201
3053,201
3054,214
3055,412
3056,190
3057,255
3058,805
3059,892
3060,657
3061,236
3062,577
3063,882
3064,559
3065,357
3066,88
3067,282
3068,219
3069,1012
3070,517
3071,137
3072,313
3073,1350
3074,582
3075,725
3076,595
3077,115
3078,349
3079,256
3080,336
3081,387
3082,387
3083,387
3084,95
3085,1249
3086,268
3087,691
3088,387
3089,387
3090,387
3091,1418
3092,387
3093,1438
3094,884
3095,732
3096,1
3097,387
3098,387
3099,387
3100,387
3101,387
3102,144
3103,513
3104,286
3105,70
3106,572
3107,480
3108,218
3109,953
3110,387
3111,387
3112,5
3113,1521
3114,20
3115,737
3116,432
3117,1266
3118,138
3119,175
3120,176
3121,387
3122,387
3123,124
3124,224
3125,255
3126,386
3127,233
3128,272
3129,375
3130,468
3131,358
3132,257
3133,387
3134,210
3135,14
3136,129
3137,229
3138,101
3139,387
3140,235
3141,311
3142,194
3143,155
3144,275
3145,218
3146,344
3147,701
3148,423
3149,154
3150,724
3151,557
3152,121
3153,387
3154,56
3155,416
3156,207
3157,1039
3158,149
3159,387
3160,387
3161,1052
3162,254
3163,266
3164,458
3165,113
3166,286
3167,240
3168,193
3169,458
3170,448
3171,220
3172,454
3173,437
3174,86
3175,387
3176,84
3177,387
3178,231
3179,393
3180,148
3181,387
3182,387
3183,457
3184,258
3185,252
3186,353
3187,65
3188,244
3189,218
3190,243
3191,665
3192,474
3193,192
3194,821
3195,502
3196,81
3197,387
3198,82
3199,205
3200,215
3201,596
3202,130
3203,387
3204,387
3205,627
3206,282
3207,240
3208,372
3209,128
3210,267
3211,250
3212,231
3213,349
3214,356
3215,164
3216,315
3217,249
3218,1
3219,387
3220,33
3221,387
3222,170
3223,101
3224,63
3225,387
3226,387
3227,224
3228,101
3229,146
3230,201
3231,8
3232,159
3233,146
3234,225
3235,529
3236,358
3237,135
3238,571
3239,504
3240,88
3241,387
3242,387
3243,387
3244,106
3245,608
3246,72
3247,387
3248,387
3249,993
3250,190
3251,251
3252,227
3253,156
3254,148
3255,197
3256,210
3257,436
3258,351
3259,159
3260,353
3261,377
3262,36
3263,387
3264,7
3265,387
3266,131
3267,472
3268,74
3269,387
3270,387
3271,695
3272,221
3273,227
3274,251
3275,387
3276,110
3277,117
3278,160
3279,503
3280,393
3281,142
3282,808
3283,556
3284,43
3285,387
3286,387
3287,405
3288,125
3289,590
3290,88
3291,387
3292,387
3293,799
3294,285
3295,322
3296,241
3297,133
3298,157
3299,191
3300,179
3301,689
3302,474
3303,146
3304,644
3305,574
3306,184
3307,387
3308,22
3309,440
3310,223
3311,759
3312,141
3313,387
3314,387
3315,1341
3316,227
3317,353
3318,380
3319,98
3320,293
3321,214
3322,196
3323,387
3324,366
3325,387
3326,387
3327,121
3328,416
3329,930
3330,387
3331,1994
3332,1759
3333,676
3334,387
3335,96
3336,2649
3337,142
3338,31
3339,435
3340,387
3341,387
3342,387
3343,75
3344,64
3345,739
3346,272
3347,299
3348,69
3349,528
3350,22
3351,385
3352,387
3353,387
3354,387
3355,926
3356,45
3357,75
3358,51
3359,235
3360,387
3361,215
3362,106
3363,387
3364,387
3365,619
3366,50
3367,529
3368,384
3369,151
3370,243
3371,252
3372,387
3373,387
3374,14
3375,387
3376,126
3377,37
3378,39
3379,387
3380,387
3381,19
3382,31
3383,145
3384,172
3385,387
3386,134
3387,168
3388,181
3389,267
3390,259
3391,111
3392,541
3393,350
3394,387
3395,387
3396,45
3397,644
3398,277
3399,271
3400,119
3401,387
3402,387
3403,303
3404,342
3405,330
3406,495
3407,99
3408,360
3409,89
3410,191
3411,202
3412,418
3413,384
3414,695
3415,665
3416,387
3417,387
3418,55
3419,915
3420,223
3421,84
3422,61
3423,150
3424,387
3425,219
3426,886
3427,398
3428,258
3429,470
3430,365
3431,348
3432,322
3433,171
3434,322
3435,137
3436,119
3437,294
3438,387
3439,387
3440,23
3441,139
3442,191
3443,132
3444,137
3445,387
3446,387
3447,259
3448,139
3449,221
3450,260
3451,60
3452,162
3453,66
3454,172
3455,387
3456,387
3457,387
3458,387
3459,387
3460,387
3461,616
3462,387
3463,6200
3464,464
3465,546
3466,387
3467,150
3468,76
3469,96
3470,387
3471,516
3472,224
3473,1010
3474,387
3475,387
3476,387
3477,196
3478,411
3479,253
3480,332
3481,258
3482,51
3483,254
3484,169
3485,1608
3486,189
3487,309
3488,145
3489,106
3490,392
3491,264
3492,972
3493,471
3494,459
3495,418
3496,86
3497,232
3498,491
3499,224
3500,440
3501,208
3502,169
3503,370
3504,141
3505,75
3506,104
3507,1581
3508,237
3509,577
3510,180
3511,387
3512,176
3513,561
3514,738
3515,337
3516,504
3517,169
3518,114
3519,170
3520,330
3521,429
3522,361
3523,201
3524,519
3525,188
3526,11
3527,387
3528,128
3529,260
3530,201
3531,55
3532,98
3533,387
3534,387
3535,167
3536,103
3537,152
3538,234
3539,121
3540,185
3541,147
3542,290
3543,214
3544,443
3545,73
3546,151
3547,340
3548,60
3549,387
3550,53
3551,2430
3552,268
3553,258
3554,130
3555,387
3556,387
3557,577
3558,522
3559,423
3560,573
3561,166
3562,88
3563,33
3564,202
3565,270
3566,208
3567,88
3568,473
3569,208
3570,0
3571,50
3572,134
3573,1444
3574,32
3575,416
3576,9
3577,96
3578,387
3579,739
3580,304
3581,344
3582,327
3583,651
3584,64
3585,62
3586,404
3587,441
3588,393
3589,220
3590,621
3591,365
3592,41
3593,387
3594,78
3595,387
3596,207
3597,387
3598,117
3599,387
3600,387
3601,387
3602,163
3603,237
3604,257
3605,67
3606,270
3607,241
3608,282
3609,222
3610,326
3611,126
3612,158
3613,256
3614,284
3615,387
3616,38
3617,387
3618,114
3619,269
3620,207
3621,387
3622,176
3623,448
3624,170
3625,226
3626,244
3627,387
3628,80
3629,100
3630,171
3631,232
3632,430
3633,218
3634,273
3635,312
3636,175
3637,387
3638,44
3639,387
3640,166
3641,73
3642,228
3643,387
3644,8
3645,204
3646,277
3647,347
3648,225
3649,74
3650,204
3651,231
3652,264
3653,387
3654,387
3655,387
3656,58
3657,220
3658,162
3659,387
3660,387
3661,387
3662,387
3663,973
3664,387
3665,387
3666,572
3667,725
3668,13
3669,86
3670,45
3671,387
3672,387
3673,387
3674,387
3675,387
3676,234
3677,220
3678,387
3679,443
3680,387
3681,681
3682,470
3683,387
3684,86
3685,387
3686,387
3687,886
3688,120
3689,387
3690,387
3691,12
3692,94
3693,261
3694,387
3695,130
3696,245
3697,7
3698,168
3699,387
3700,179
3701,205
3702,175
3703,387
3704,387
3705,387
3706,387
3707,273
3708,11
3709,387
3710,355
3711,759
3712,25
3713,56
3714,387
3715,387
3716,387
3717,387
3718,387
3719,283
3720,435
3721,87
3722,148
3723,469
3724,197
3725,387
3726,22
3727,387
3728,235
3729,543
3730,173
3731,54
3732,174
3733,269
3734,183
3735,234
3736,349
3737,387
3738,254
3739,251
3740,180
3741,371
3742,348
3743,15
3744,177
3745,461
3746,264
3747,387
3748,387
3749,401
3750,197
3751,693
3752,133
3753,387
3754,40
3755,549
3756,177
3757,237
3758,449
3759,387
3760,296
3761,94
3762,99
3763,433
3764,562
3765,257
3766,496
3767,606
3768,80
3769,13
3770,85
3771,478
3772,279
3773,177
3774,144
3775,25
3776,152
3777,143
3778,236
3779,371
3780,283
3781,151
3782,444
3783,275
3784,416
3785,47
3786,41
3787,387
3788,387
3789,327
3790,324
3791,72
3792,387
3793,387
3794,387
3795,676
3796,387
3797,387
3798,511
3799,49
3800,387
3801,241
3802,51
3803,387
3804,89
3805,155
3806,387
3807,269
3808,417
3809,320
3810,246
3811,315
3812,148
3813,387
3814,117
3815,387
3816,195
3817,387
3818,167
3819,387
3820,90
3821,387
3822,235
3823,515
3824,190
3825,45
3826,285
3827,403
3828,325
3829,387
3830,244
3831,5
3832,387
3833,847
3834,387
3835,387
3836,97
3837,387
3838,387
3839,387
3840,387
3841,136
3842,109
3843,387
3844,387
3845,174
3846,387
3847,387
3848,456
3849,244
3850,387
3851,387
3852,208
3853,387
3854,387
3855,865
3856,387
3857,387
3858,387
3859,387
3860,387
3861,296
3862,387
3863,387
3864,216
3865,107
3866,387
3867,336
3868,387
3869,387
3870,720
3871,38
3872,387
3873,68
3874,1440
3875,55
3876,176
3877,631
3878,387
3879,387
3880,387
3881,387
3882,69
3883,242
3884,387
3885,73
3886,391
3887,119
3888,381
3889,322
3890,133
3891,387
3892,682
3893,145
3894,96
3895,36
3896,211
3897,387
3898,187
3899,577
3900,387
3901,387
3902,387
3903,387
3904,45
3905,387
3906,387
3907,387
3908,81
3909,387
3910,387
3911,141
3912,387
3913,387
3914,661
3915,211
3916,387
3917,631
3918,204
3919,20
3920,215
3921,565
3922,266
3923,479
3924,92
3925,387
3926,90
3927,964
3928,208
3929,9
3930,565
3931,188
3932,303
3933,322
3934,31
3935,387
3936,387
3937,162
3938,387
3939,306
3940,407
3941,209
3942,224
3943,354
3944,68
3945,387
3946,37
3947,387
3948,305
3949,31
3950,105
3951,387
3952,387
3953,128
3954,206
3955,388
3956,227
3957,50
3958,275
3959,310
3960,250
3961,323
3962,469
3963,203
3964,357
3965,343
3966,387
3967,387
3968,120
3969,1670
3970,308
3971,164
3972,94
3973,387
3974,387
3975,267
3976,301
3977,273
3978,280
3979,567
3980,151
3981,291
3982,364
3983,387
3984,387
3985,387
3986,387
3987,131
3988,387
3989,387
3990,387
3991,6976
3992,263
3993,860
3994,387
3995,387
3996,387
3997,878
3998,86
3999,106
4000,743
4001,1083
4002,387
4003,387
4004,232
4005,282
4006,502
4007,318
4008,583
4009,405
4010,1
4011,387
4012,134
4013,792
4014,212
4015,387
4016,106
4017,387
4018,18
4019,113
4020,203
4021,273
4022,178
4023,396
4024,247
4025,322
4026,375
4027,104
4028,209
4029,3
4030,38
4031,218
4032,387
4033,387
4034,387
4035,2835
4036,187
4037,276
4038,49
4039,387
4040,5
4041,725
4042,320
4043,335
4044,409
4045,334
4046,58
4047,81
4048,139
4049,387
4050,1957
4051,387
4052,387
4053,153
4054,191
4055,1638
4056,285
4057,387
4058,1144
4059,213
4060,387
4061,1588
4062,2212
4063,387
4064,387
4065,412
4066,387
4067,387
4068,387
4069,385
4070,387
4071,387
4072,22
4073,55
4074,387
4075,422
4076,367
4077,665
4078,387
4079,3764
4080,28
4081,652
4082,208
4083,1181
4084,1621
4085,146
4086,624
4087,1049
4088,387
4089,387
4090,87
4091,387
4092,5
4093,1215
4094,344
4095,195
4096,1200
4097,274
4098,112
4099,505
4100,158
4101,387
4102,106
4103,470
4104,106
4105,96
4106,247
4107,410
4108,127
4109,152
4110,216
4111,153
4112,190
4113,320
4114,268
4115,602
4116,309
4117,153
4118,162
4119,294
4120,278
4121,9
4122,36
4123,387
4124,126
4125,631
4126,211
4127,387
4128,2
4129,501
4130,216
4131,255
4132,181
4133,387
4134,157
4135,207
4136,147
4137,825
4138,344
4139,163
4140,365
4141,725
4142,486
4143,591
4144,130
4145,91
4146,87
4147,749
4148,559
4149,107
4150,549
4151,530
4152,761
4153,872
4154,259
4155,387
4156,179
4157,185
4158,51
4159,610
4160,387
4161,387
4162,387
4163,944
4164,1130
4165,2148
4166,387
4167,228
4168,387
4169,3141
4170,634
4171,729
4172,1575
4173,1565
4174,617
4175,764
4176,218
4177,387
4178,387
4179,84
4180,387
4181,387
4182,387
4183,387
4184,387
4185,282
4186,387
4187,485
4188,387
4189,387
4190,387
4191,387
4192,387
4193,387
4194,623
4195,1091
4196,387
4197,278
4198,61
4199,387
4200,387
4201,303
4202,387
4203,387
4204,104
4205,387
4206,387
4207,286
4208,387
4209,364
4210,120
4211,387
4212,387
4213,387
4214,387
4215,354
4216,359
4217,387
4218,387
4219,208
4220,387
4221,387
4222,387
4223,266
4224,387
4225,387
4226,383
4227,387
4228,387
4229,732
4230,337
4231,486
4232,46
4233,387
4234,387
4235,190
4236,163
4237,586
4238,517
4239,238
4240,297
4241,204
4242,387
4243,387
4244,387
4245,151
4246,142
4247,387
4248,237
4249,387
4250,387
4251,891
4252,463
4253,1353
4254,387
4255,392
4256,387
4257,1438
4258,387
4259,739
4260,1838
4261,893
4262,399
4263,738
4264,387
4265,387
4266,387
4267,387
4268,387
4269,598
4270,362
4271,290
4272,914
4273,468
4274,333
4275,554
4276,464
4277,387
4278,387
4279,829
4280,87
4281,720
4282,475
4283,166
4284,19
4285,195
4286,57
4287,387
4288,259
4289,345
4290,387
4291,387
4292,438
4293,387
4294,387
4295,1586
4296,387
4297,1688
4298,91
4299,91
4300,387
4301,387
4302,387
4303,1822
4304,670
4305,387
4306,387
4307,484
4308,387
4309,389
4310,387
4311,387
4312,676
4313,1151
4314,83
4315,387
4316,47
4317,811
4318,849
4319,1696
4320,235
4321,387
4322,387
4323,2279
4324,395
4325,1677
4326,1952
4327,604
4328,217
4329,610
4330,62
4331,387
4332,387
4333,223
4334,387
4335,387
4336,145
4337,49
4338,387
4339,538
4340,175
4341,2176
4342,898
4343,387
4344,387
4345,133
4346,387
4347,2205
4348,759
4349,387
4350,387
4351,9
4352,387
4353,52
4354,387
4355,164
4356,20
4357,152
4358,362
4359,275
4360,924
4361,621
4362,127
4363,845
4364,141
4365,387
4366,387
4367,445
4368,25
4369,911
4370,731
4371,150
4372,164
4373,163
4374,154
4375,391
4376,165
4377,262
4378,741
4379,811
4380,555
4381,172
4382,473
4383,787
4384,500
4385,409
4386,33
4387,61
4388,90
4389,845
4390,468
4391,148
4392,326
4393,1267
4394,510
4395,651
4396,500
4397,59
4398,289
4399,228
4400,237
4401,387
4402,387
4403,387
4404,63
4405,1226
4406,280
4407,814
4408,387
4409,387
4410,387
4411,1322
4412,387
4413,1520
4414,969
4415,721
4416,0
4417,387
4418,387
4419,4
4420,387
4421,387
4422,116
4423,400
4424,152
4425,387
4426,437
4427,354
4428,128
4429,973
4430,387
4431,387
4432,387
4433,1323
4434,387
4435,716
4436,414
4437,1152
4438,34
4439,70
4440,50
4441,387
4442,387
4443,63
4444,93
4445,223
4446,332
4447,218
4448,217
4449,329
4450,458
4451,458
4452,251
4453,387
4454,129
4455,387
4456,129
4457,288
4458,164
4459,387
4460,211
4461,286
4462,148
4463,147
4464,264
4465,238
4466,293
4467,619
4468,319
4469,89
4470,619
4471,461
4472,60
4473,387
4474,0
4475,194
4476,77
4477,871
4478,99
4479,387
4480,387
4481,968
4482,181
4483,191
4484,362
4485,56
4486,224
4487,209
4488,93
4489,403
4490,371
4491,181
4492,376
4493,368
4494,53
4495,387
4496,55
4497,387
4498,128
4499,252
4500,126
4501,387
4502,387
4503,400
4504,212
4505,204
4506,284
4507,35
4508,210
4509,216
4510,170
4511,609
4512,395
4513,152
4514,742
4515,432
4516,46
4517,387
4518,51
4519,8
4520,110
4521,453
4522,106
4523,387
4524,387
4525,569
4526,234
4527,190
4528,302
4529,96
4530,231
4531,245
4532,156
4533,318
4534,304
4535,150
4536,262
4537,205
4538,387
4539,387
4540,28
4541,387
4542,90
4543,387
4544,65
4545,387
4546,387
4547,192
4548,79
4549,122
4550,156
4551,3
4552,149
4553,167
4554,176
4555,515
4556,323
4557,138
4558,535
4559,476
4560,96
4561,12
4562,4
4563,387
4564,44
4565,508
4566,90
4567,387
4568,387
4569,977
4570,185
4571,244
4572,199
4573,167
4574,155
4575,235
4576,178
4577,397
4578,290
4579,136
4580,291
4581,324
4582,18
4583,387
4584,387
4585,387
4586,43
4587,346
4588,68
4589,387
4590,387
4591,654
4592,190
4593,195
4594,198
4595,387
4596,91
4597,129
4598,102
4599,475
4600,343
4601,130
4602,757
4603,515
4604,37
4605,387
4606,387
4607,236
4608,49
4609,476
4610,93
4611,387
4612,387
4613,769
4614,265
4615,301
4616,199
4617,130
4618,150
4619,215
4620,132
4621,615
4622,379
4623,89
4624,548
4625,487
4626,132
4627,387
4628,387
4629,226
4630,101
4631,599
4632,100
4633,387
4634,387
4635,1265
4636,162
4637,287
4638,292
4639,49
4640,240
4641,193
4642,104
4643,387
4644,186
4645,387
4646,387
4647,387
4648,275
4649,904
4650,387
4651,1695
4652,1552
4653,431
4654,387
4655,29
4656,2585
4657,387
4658,387
4659,284
4660,387
4661,387
4662,387
4663,387
4664,387
4665,698
4666,210
4667,275
4668,5
4669,473
4670,3
4671,477
4672,387
4673,387
4674,387
4675,800
4676,38
4677,127
4678,105
4679,193
4680,387
4681,181
4682,52
4683,387
4684,387
4685,630
4686,387
4687,501
4688,335
4689,140
4690,193
4691,211
4692,387
4693,387
4694,12
4695,387
4696,50
4697,387
4698,45
4699,387
4700,387
4701,387
4702,12
4703,125
4704,131
4705,387
4706,127
4707,193
4708,136
4709,266
4710,236
4711,126
4712,517
4713,335
4714,387
4715,108
4716,70
4717,503
4718,227
4719,183
4720,150
4721,387
4722,387
4723,300
4724,349
4725,335
4726,480
4727,122
4728,379
4729,140
4730,171
4731,167
4732,361
4733,365
4734,637
4735,616
4736,387
4737,64
4738,45
4739,739
4740,139
4741,387
4742,59
4743,206
4744,33
4745,182
4746,860
4747,370
4748,209
4749,459
4750,351
4751,364
4752,268
4753,137
4754,267
4755,120
4756,62
4757,247
4758,387
4759,387
4760,15
4761,387
4762,108
4763,12
4764,135
4765,387
4766,387
4767,223
4768,114
4769,194
4770,212
4771,51
4772,148
4773,84
4774,120
4775,387
4776,387
4777,387
4778,387
4779,387
4780,387
4781,762
4782,387
4783,6073
4784,429
4785,473
4786,387
4787,255
4788,183
4789,107
4790,387
4791,536
4792,223
4793,1049
4794,387
4795,387
4796,387
4797,202
4798,396
4799,276
4800,316
4801,251
4802,79
4803,393
4804,200
4805,1473
4806,147
4807,229
4808,183
4809,203
4810,492
4811,269
4812,986
4813,484
4814,451
4815,449
4816,113
4817,290
4818,479
4819,199
4820,393
4821,200
4822,121
4823,332
4824,138
4825,182
4826,105
4827,1416
4828,164
4829,466
4830,188
4831,54
4832,245
4833,534
4834,722
4835,319
4836,465
4837,169
4838,110
4839,197
4840,287
4841,404
4842,313
4843,192
4844,470
4845,148
4846,7
4847,387
4848,128
4849,94
4850,127
4851,387
4852,105
4853,387
4854,387
4855,140
4856,86
4857,133
4858,194
4859,120
4860,180
4861,173
4862,246
4863,183
4864,390
4865,58
4866,97
4867,295
4868,50
4869,387
4870,48
4871,2259
4872,188
4873,140
4874,132
4875,387
4876,24
4877,544
4878,500
4879,398
4880,527
4881,159
4882,78
4883,54
4884,152
4885,198
4886,115
4887,33
4888,379
4889,123
4890,387
4891,111
4892,88
4893,1233
4894,387
4895,259
4896,387
4897,116
4898,387
4899,666
4900,241
4901,280
4902,242
4903,605
4904,13
4905,43
4906,314
4907,414
4908,344
4909,209
4910,571
4911,324
4912,35
4913,387
4914,77
4915,387
4916,131
4917,387
4918,123
4919,387
4920,387
4921,387
4922,144
4923,217
4924,216
4925,64
4926,264
4927,265
4928,236
4929,180
4930,262
4931,100
4932,93
4933,199
4934,264
4935,6
4936,21
4937,387
4938,23
4939,141
4940,197
4941,387
4942,228
4943,404
4944,136
4945,191
4946,187
4947,387
4948,58
4949,110
4950,110
4951,217
4952,393
4953,219
4954,235
4955,283
4956,182
4957,11
4958,54
4959,387
4960,102
4961,387
4962,245
4963,387
4964,87
4965,187
4966,270
4967,338
4968,195
4969,84
4970,209
4971,267
4972,230
4973,2
4974,387
4975,387
4976,45
4977,216
4978,194
4979,387
4980,387
4981,387
4982,387
4983,897
4984,41
4985,387
4986,676
4987,733
4988,32
4989,103
4990,41
4991,387
4992,26
4993,387
4994,387
4995,387
4996,140
4997,164
4998,387
4999,358
5000,387
5001,741
5002,424
5003,387
5004,387
5005,387
5006,387
5007,905
5008,142
5009,387
5010,387
5011,387
5012,8
5013,213
5014,387
5015,110
5016,155
5017,26
5018,166
5019,387
5020,176
5021,211
5022,217
5023,387
5024,387
5025,387
5026,387
5027,206
5028,63
5029,49
5030,469
5031,777
5032,53
5033,82
5034,387
5035,387
5036,387
5037,12
5038,387
5039,165
5040,296
5041,387
5042,7
5043,338
5044,101
5045,4
5046,387
5047,387
5048,69
5049,339
5050,88
5051,28
5052,150
5053,150
5054,74
5055,124
5056,217
5057,387
5058,158
5059,186
5060,44
5061,300
5062,255
5063,387
5064,83
5065,377
5066,215
5067,387
5068,387
5069,190
5070,78
5071,536
5072,95
5073,387
5074,63
5075,476
5076,114
5077,173
5078,364
5079,387
5080,246
5081,75
5082,9
5083,345
5084,453
5085,186
5086,385
5087,504
5088,14
5089,58
5090,23
5091,250
5092,143
5093,3
5094,89
5095,28
5096,159
5097,53
5098,157
5099,291
5100,181
5101,88
5102,377
5103,240
5104,310
5105,50
5106,22
5107,387
5108,387
5109,316
5110,349
5111,207
5112,387
5113,387
5114,387
5115,593
5116,15
5117,387
5118,608
5119,50
5120,387
5121,251
5122,40
5123,387
5124,113
5125,210
5126,387
5127,239
5128,365
5129,306
5130,193
5131,272
5132,140
5133,100
5134,112
5135,387
5136,116
5137,387
5138,170
5139,387
5140,154
5141,387
5142,214
5143,492
5144,146
5145,40
5146,275
5147,425
5148,276
5149,387
5150,217
5151,16
5152,387
5153,828
5154,387
5155,387
5156,117
5157,387
5158,387
5159,387
5160,387
5161,222
5162,198
5163,387
5164,387
5165,176
5166,387
5167,387
5168,471
5169,290
5170,387
5171,387
5172,176
5173,387
5174,387
5175,841
5176,387
5177,387
5178,387
5179,387
5180,387
5181,199
5182,387
5183,387
5184,300
5185,95
5186,387
5187,333
5188,387
5189,387
5190,730
5191,80
5192,387
5193,387
5194,1272
5195,387
5196,7
5197,470
5198,387
5199,387
5200,387
5201,387
5202,387
5203,9
5204,387
5205,18
5206,339
5207,387
5208,243
5209,182
5210,387
5211,387
5212,557
5213,50
5214,387
5215,1
5216,154
5217,387
5218,129
5219,528
5220,387
5221,387
5222,387
5223,387
5224,387
5225,387
5226,387
5227,387
5228,140
5229,387
5230,387
5231,113
5232,387
5233,387
5234,646
5235,228
5236,387
5237,620
5238,171
5239,26
5240,180
5241,539
5242,277
5243,600
5244,107
5245,387
5246,30
5247,867
5248,230
5249,89
5250,648
5251,175
5252,301
5253,318
5254,6
5255,387
5256,3
5257,203
5258,387
5259,273
5260,352
5261,193
5262,168
5263,308
5264,57
5265,387
5266,30
5267,387
5268,223
5269,387
5270,105
5271,387
5272,387
5273,93
5274,181
5275,362
5276,180
5277,41
5278,263
5279,328
5280,198